N                 -1.93291500   -5.00681100    0.44831700
C                 -1.38555800   -3.99410700    0.28828400
C                 -0.69869300   -2.75505200    0.10319300
C                  0.69867200   -2.75500100   -0.10431000
C                  1.38566100   -3.99399500   -0.28934000
N                  1.93304900   -5.00668200   -0.44937700
C                  1.40862600   -1.54411500   -0.17185600
N                  2.80022400   -1.57854200   -0.35519200
C                  3.72512400   -2.04399700    0.60562100
C                  3.49630600   -2.75290000    1.78182800
C                  4.59691000   -3.03028900    2.59224300
C                  5.88825700   -2.61035200    2.23785200
C                  6.10497700   -1.89786900    1.06103000
C                  5.01768900   -1.60491900    0.23457200
C                  4.87979300   -0.85455400   -0.99931800
C                  5.78621900   -0.18912500   -1.82870700
C                  5.31157300    0.44924300   -2.97208700
C                  3.94893400    0.40511800   -3.30617600
C                  3.02982500   -0.26448300   -2.50114200
C                  3.50737400   -0.86080300   -1.33888600
C                  0.70359400   -0.31776800   -0.07169700
N                  1.39317100    0.90144800   -0.14953100
C                  1.23784600    1.87089500   -1.16131200
C                  0.34366800    1.90397500   -2.22692400
C                  0.44258600    2.96806800   -3.12214000
C                  1.41729800    3.96528800   -2.96540200
C                  2.32267800    3.91122400   -1.90845000
C                  2.24050400    2.85570500   -0.99738600
C                  3.03169300    2.47612400    0.15730700
C                  4.13011000    3.04983400    0.80179000
C                  4.65509200    2.42432400    1.93065200
C                  4.07556900    1.24958800    2.43310500
C                  2.97283100    0.66597600    1.81182900
C                  2.48448100    1.27253000    0.65868900
C                 -0.70368600   -0.31780300    0.07119000
N                 -1.39323200    0.90140300    0.14948700
C                 -2.48447000    1.27292600   -0.65862300
C                 -2.97275200    0.66696000   -1.81210300
C                 -4.07542500    1.25091400   -2.43317300
C                 -4.65493800    2.42542400   -1.93018200
C                 -4.13001300    3.05036400   -0.80097900
C                 -3.03166900    2.47629400   -0.15668900
C                 -2.24050300    2.85531700    0.99819900
C                 -2.32265400    3.91044200    1.90972200
C                 -1.41726600    3.96403200    2.96668900
C                 -0.44257000    2.96672700    3.12298300
C                 -0.34367800    1.90301700    2.22730900
C                 -1.23787100    1.87040600    1.16169500
C                 -1.40869100   -1.54419600    0.17102900
N                 -2.80026900   -1.57870400    0.35457300
C                 -3.50723300   -0.86140700    1.33872800
C                 -3.02946800   -0.26563600    2.50117700
C                 -3.94842100    0.40360300    3.30668900
C                 -5.31111900    0.44790300    2.97286900
C                 -5.78598000   -0.18992700    1.82928000
C                 -4.87971500   -0.85498400    0.99941600
C                 -5.01784800   -1.60477300   -0.23479600
C                 -6.10529600   -1.89733200   -1.06118200
C                 -5.88880700   -2.60924600   -2.23838900
C                 -4.59752800   -3.02899900   -2.59324200
C                 -3.49677000   -2.75201000   -1.78290200
C                 -3.72535400   -2.04369100   -0.60629200
H                  2.50274400   -3.08029200    2.06706600
H                  4.44706200   -3.58776800    3.51187200
H                  6.72521600   -2.84555800    2.88817800
H                  7.10256700   -1.56254500    0.79251600
H                  6.84379200   -0.16959600   -1.58211800
H                  6.00388100    0.97907900   -3.61928700
H                  3.59738000    0.90298600   -4.20445100
H                  1.98081600   -0.30216800   -2.76879900
H                 -0.40632200    1.13693400   -2.36796000
H                 -0.25401900    3.02131900   -3.95336000
H                  1.46788600    4.78276900   -3.67813700
H                  3.08973900    4.67211400   -1.79681700
H                  4.56612200    3.97109300    0.42646500
H                  5.51527500    2.85501400    2.43406300
H                  4.49240900    0.77557400    3.31617600
H                  2.53207100   -0.23942900    2.21002800
H                 -2.53198400   -0.23825600   -2.21071700
H                 -4.49221200    0.77736300   -3.31651600
H                 -5.51505800    2.85640500   -2.43345400
H                 -4.56601400    3.97146100   -0.42524400
H                 -3.08969200    4.67140100    1.79841500
H                 -1.46783400    4.78120400    3.67978100
H                  0.25404500    3.01960800    3.95421800
H                  0.40630900    1.13591400    2.36800700
H                 -1.98041500   -0.30346800    2.76863300
H                 -3.59670000    0.90104400    4.20513500
H                 -6.00330500    0.97743800    3.62044500
H                 -6.84359900   -0.17026700    1.58289500
H                 -7.10283400   -1.56213400   -0.79231800
H                 -6.72589200   -2.84413300   -2.88866800
H                 -4.44786100   -3.58601800   -3.51317900
H                 -2.50326400   -3.07923800   -2.06851100