N                  0.28732700    3.12196000   -2.51473500
C                  0.20091000    2.26791600   -1.73016200
C                  0.09562900    1.15992000   -0.83496300
C                  1.27627500    0.48660500   -0.45747400
N                  2.52483700    1.05743700   -0.76108900
C                  3.44445700    0.34189900   -1.57026600
C                  4.82117100    0.42132300   -1.32277600
C                  5.70959900   -0.29719300   -2.11740100
C                  5.24116600   -1.11213200   -3.15134700
C                  3.87114400   -1.18110700   -3.40199700
C                  2.97689200   -0.44349800   -2.62895800
C                  2.77771100    2.40287600   -0.36969200
C                  3.48427600    3.27258300   -1.20836200
C                  3.70304800    4.59023900   -0.81608700
C                  3.20513100    5.06403900    0.39886100
C                  2.49054200    4.19834900    1.22705200
C                  2.28537500    2.87294600    0.85405200
C                  1.17462900   -0.74885700    0.22028700
N                  2.32260200   -1.48420800    0.58207400
C                  2.45019000   -2.83206600    0.15262300
C                  1.91170400   -3.22490000   -1.08033500
C                  2.00267500   -4.55015800   -1.49577900
C                  2.64329000   -5.50061700   -0.70088400
C                  3.17865500   -5.10850900    0.52677000
C                  3.07642600   -3.78975300    0.96066500
C                  3.22728000   -0.90249200    1.50782200
C                  2.74112700   -0.10267900    2.54887600
C                  3.62599400    0.51170900    3.43291900
C                  5.00029700    0.31054300    3.30859900
C                  5.48234400   -0.51292600    2.28795900
C                  4.60770900   -1.11115500    1.38558300
C                 -0.11067700   -1.22372700    0.55025600
C                 -0.23575400   -2.42473500    1.31932000
N                 -0.34980500   -3.38608500    1.96228400
C                 -1.29006600   -0.51702400    0.23616900
N                 -2.54360500   -1.04251800    0.65306200
C                 -3.17956300   -2.02937700   -0.13623900
C                 -4.54590100   -2.29160400    0.04744000
C                 -5.19492300   -3.22311500   -0.75433700
C                 -4.50760000   -3.90430800   -1.76140100
C                 -3.15174700   -3.64205600   -1.94698300
C                 -2.48701900   -2.71812000   -1.14303100
C                 -2.94080400   -0.79805500    2.00273300
C                 -3.01053500    0.51598300    2.47815700
C                 -3.35836000    0.76155200    3.80598300
C                 -3.66075000   -0.29606400    4.66343400
C                 -3.59983100   -1.60688600    4.18415600
C                 -3.23160600   -1.86265900    2.86597600
C                 -1.19125800    0.71414300   -0.43711300
N                 -2.30763300    1.52402000   -0.68104700
C                 -3.48431500    0.96971000   -1.26362400
C                 -3.38085300    0.17779800   -2.40945900
C                 -4.52720800   -0.36895300   -2.98342900
C                 -5.78028200   -0.10865000   -2.43249300
C                 -5.88165000    0.69409600   -1.29310300
C                 -4.74016900    1.22738900   -0.70258100
C                 -2.25647400    2.90846000   -0.35470400
C                 -1.49484700    3.35165000    0.73634800
C                 -1.42272100    4.71009000    1.03314000
C                 -2.12619900    5.64029600    0.26889300
C                 -2.89554100    5.19531400   -0.80793700
C                 -2.95640000    3.84228100   -1.12822600
H                  5.17961900    1.03238500   -0.50315600
H                  6.77511000   -0.23268300   -1.91528400
H                  5.93836900   -1.68134100   -3.75849700
H                  3.49362400   -1.79963900   -4.21090100
H                  1.91387500   -0.46429800   -2.84595700
H                  3.83906700    2.91946600   -2.16963400
H                  4.24637200    5.25700600   -1.47936100
H                  3.36867500    6.09608800    0.69362500
H                  2.10122100    4.54901800    2.17886300
H                  1.75150700    2.19668000    1.51014500
H                  1.42544200   -2.49053100   -1.71043100
H                  1.57647100   -4.83603800   -2.45339000
H                  2.71723700   -6.53284600   -1.02888600
H                  3.66283300   -5.83927300    1.16831300
H                  3.46364700   -3.50355900    1.93136200
H                  1.67001700    0.02793800    2.66535700
H                  3.23493100    1.13770600    4.22978600
H                  5.68877800    0.78450000    4.00149200
H                  6.55074700   -0.67890500    2.18128800
H                  4.98233500   -1.72844200    0.57819300
H                 -5.09575800   -1.74459200    0.80354500
H                 -6.25523100   -3.40378600   -0.60021500
H                 -5.02069100   -4.62851400   -2.38682200
H                 -2.59450700   -4.16528800   -2.71931700
H                 -1.43096800   -2.53676500   -1.30331600
H                 -2.80449200    1.34040900    1.80864600
H                 -3.40684800    1.78700600    4.16193600
H                 -3.93960200   -0.10316400    5.69518400
H                 -3.81870300   -2.44009100    4.84586800
H                 -3.15113900   -2.88002000    2.50168000
H                 -2.40278400   -0.00835600   -2.84091800
H                 -4.43597500   -1.00169400   -3.86046400
H                 -6.67239100   -0.53553700   -2.88036600
H                 -6.85389000    0.89271000   -0.85113800
H                 -4.81001400    1.83571600    0.19258800
H                 -0.94504300    2.63667900    1.33836700
H                 -0.81435900    5.03742400    1.87117900
H                 -2.07114100    6.69870900    0.50392000
H                 -3.43777400    5.90916200   -1.42130400
H                 -3.53016000    3.50454400   -1.98341700