N                 -3.37216300   -1.88831300   -0.83816200
C                 -2.39756700   -1.32990900   -0.54122900
C                 -1.19457100   -0.63685100   -0.20209800
C                 -1.20766000    0.77452300   -0.16463700
N                 -2.42434600    1.44913900   -0.32771600
C                 -2.81507000    2.19681800   -1.45180900
C                 -2.09415100    2.49632500   -2.60416000
C                 -2.73734700    3.25089300   -3.58407300
C                 -4.06206300    3.68584500   -3.41773700
C                 -4.77741100    3.36821400   -2.26588700
C                 -4.15565600    2.61258600   -1.26778300
C                 -4.59492200    2.08994100    0.01328500
C                 -5.79046300    2.17184200    0.73267100
C                 -5.87990900    1.53959900    1.97042300
C                 -4.78672200    0.83437100    2.49846500
C                 -3.58192000    0.74207800    1.80354400
C                 -3.50916500    1.36789000    0.56229200
C                 -0.00017000    1.47265200    0.00001000
Cl                -0.00034000    3.20576000    0.00000200
C                  1.20745800    0.77476800    0.16467300
N                  2.42401400    1.44962600    0.32771300
C                  2.81458000    2.19747400    1.45174700
C                  2.09358600    2.49694900    2.60405800
C                  2.73662200    3.25173000    3.58391200
C                  4.06125800    3.68692100    3.41755600
C                  4.77668400    3.36932200    2.26574500
C                  4.15508800    2.61348500    1.26770100
C                  4.59447200    2.09080800   -0.01331400
C                  5.79000700    2.17287200   -0.73269100
C                  5.87959200    1.54052600   -1.97038100
C                  4.78655100    0.83503200   -2.49836900
C                  3.58175600    0.74257300   -1.80345600
C                  3.50886100    1.36849800   -0.56226900
C                  1.19465200   -0.63660400    0.20216900
C                  2.39781200   -1.32941600    0.54121200
N                  3.37253700   -1.88762400    0.83808600
C                  0.00011300   -1.35449300    0.00005000
N                  0.00027500   -2.75113000    0.00004100
C                  0.75049100   -3.57274700   -0.86530600
C                  1.60200000   -3.21426100   -1.90667500
C                  2.20184500   -4.24376600   -2.62955900
C                  1.94981400   -5.59091200   -2.32651200
C                  1.08462100   -5.93783000   -1.29227800
C                  0.47316500   -4.92342800   -0.55058800
C                 -0.47206600   -4.92355600    0.55063900
C                 -1.08326600   -5.93812600    1.29231000
C                 -1.94852700   -5.59144500    2.32656700
C                 -2.20087500   -4.24436800    2.62965500
C                 -1.60129200   -3.21469900    1.90678900
C                 -0.74971700   -3.57294900    0.86539200
H                 -1.07214500    2.15756800   -2.73703700
H                 -2.20062800    3.50418800   -4.49339500
H                 -4.53437200    4.27174400   -4.20024000
H                 -5.80621800    3.69513300   -2.14575000
H                 -6.63636800    2.72174000    0.33046800
H                 -6.80490600    1.59271300    2.53620500
H                 -4.87786700    0.35122100    3.46660200
H                 -2.73413900    0.20602100    2.21836100
H                  1.07164100    2.15801200    2.73694800
H                  2.19984000    3.50500700    4.49320100
H                  4.53344200    4.27298100    4.20001300
H                  5.80543000    3.69642800    2.14559400
H                  6.63580100    2.72297000   -0.33052800
H                  6.80458700    1.59376300   -2.53615400
H                  4.87780400    0.35180400   -3.46645700
H                  2.73408500    0.20630800   -2.21823100
H                  1.80139900   -2.17594700   -2.14843500
H                  2.87808200   -3.99416500   -3.44147000
H                  2.43379300   -6.36941400   -2.90810200
H                  0.88228400   -6.98061300   -1.06591700
H                 -0.88067500   -6.98085400    1.06592300
H                 -2.43230700   -6.37008000    2.90814400
H                 -2.87715900   -3.99495300    3.44158500
H                 -1.80093900   -2.17644100    2.14858300