N                 -2.86578300   -3.01028300    1.65202700
C                 -2.26075000   -2.14914100    1.15843900
C                 -1.53446500   -1.07571200    0.55810500
C                 -2.24935600    0.00016200    0.00000400
N                 -3.65823500    0.00023500    0.00001200
C                 -4.34326100    0.02629600    1.24164800
C                 -5.51365800   -0.71879200    1.43013000
C                 -6.16677300   -0.69754200    2.65690300
C                 -5.63725400    0.05361400    3.70674700
Cl                -6.45333400    0.06807300    5.26003900
C                 -4.46893200    0.79273200    3.53699700
C                 -3.83088500    0.78650400    2.29957800
C                 -4.34328600   -0.02575500   -1.24161400
C                 -5.51360700    0.71945500   -1.43008100
C                 -6.16674200    0.69826700   -2.65684600
C                 -5.63731800   -0.05295100   -3.70669300
Cl                -6.45342200   -0.06733300   -5.25997300
C                 -4.46907300   -0.79219600   -3.53695500
C                 -3.83100800   -0.78602700   -2.29954600
C                 -1.53434000    1.07595600   -0.55809800
C                 -2.26050300    2.14944800   -1.15846700
N                 -2.86541300    3.01069200   -1.65202800
C                 -0.12113500    1.08689100   -0.55956900
N                  0.56796500    2.16982900   -1.14363100
C                  1.34540200    1.90531100   -2.30360400
C                  0.85486900    1.03874900   -3.28649800
C                  1.62207900    0.73266800   -4.40796400
C                  2.87461400    1.32276300   -4.55752200
Cl                 3.85132000    0.93775200   -5.96098000
C                  3.35816500    2.22523700   -3.60856100
C                  2.59430300    2.51264100   -2.48262900
C                  0.30033100    3.50033300   -0.72728200
C                 -0.06339200    3.75905800    0.60047600
C                 -0.33750800    5.05531000    1.02155300
C                 -0.23332300    6.10811100    0.11548200
Cl                -0.55919300    7.74786200    0.64718600
C                  0.12337600    5.86802800   -1.20980300
C                  0.37792400    4.56713800   -1.63122600
C                  0.59435600   -0.00000700    0.00000400
N                  2.00927800   -0.00011500   -0.00002300
C                  2.70682700   -1.04996900   -0.65058600
C                  3.93496500   -1.51422800   -0.15731300
C                  4.60805900   -2.55063900   -0.79612500
C                  4.04849700   -3.14538400   -1.92657800
Cl                 4.88741900   -4.46397900   -2.72156700
C                  2.83035000   -2.69699800   -2.43001300
C                  2.17339600   -1.64653000   -1.79774300
C                  2.70700500    1.04964000    0.65051600
C                  2.17374900    1.64619900    1.79775300
C                  2.83087400    2.69656900    2.43001000
C                  4.04902000    3.14484800    1.92648200
Cl                 4.88815300    4.46332100    2.72145000
C                  4.60841800    2.55009000    0.79595200
C                  3.93515600    1.51377900    0.15715900
C                 -0.12126200   -1.08681300    0.55958000
N                  0.56770200   -2.16984300    1.14362900
C                  0.29985200   -3.50030500    0.72729400
C                 -0.06402200   -3.75897200   -0.60043400
C                 -0.33835300   -5.05518300   -1.02149500
C                 -0.23423200   -6.10800500   -0.11544200
Cl                -0.56036900   -7.74770900   -0.64713200
C                  0.12261300   -5.86797900    1.20981400
C                  0.37737600   -4.56712800    1.63122500
C                  1.34518300   -1.90544100    2.30359600
C                  0.85477400   -1.03884100    3.28652000
C                  1.62203000   -0.73290800    4.40799400
C                  2.87448200   -1.32318800    4.55753000
Cl                 3.85123400   -0.93838100    5.96101100
C                  3.35791200   -2.22568700    3.60853100
C                  2.59400500   -2.51294100    2.48259000
H                 -5.89921700   -1.32678000    0.61968800
H                 -7.06879000   -1.27987000    2.80737000
H                 -4.07402800    1.38168100    4.35730500
H                 -2.93667500    1.38301800    2.14948300
H                 -5.89909100    1.32748800   -0.61963800
H                 -7.06869800    1.28069000   -2.80730400
H                 -4.07424500   -1.38119200   -4.35726600
H                 -2.93686200   -1.38263800   -2.14945600
H                 -0.13476300    0.60716100   -3.17443300
H                  1.24590000    0.05461300   -5.16580300
H                  4.32970600    2.68698700   -3.74557700
H                  2.96435200    3.20182300   -1.73381100
H                 -0.13292400    2.94342700    1.30870800
H                 -0.61880100    5.24903300    2.05061300
H                  0.18140700    6.69003700   -1.91434000
H                  0.62105000    4.38099900   -2.67033000
H                  4.35902100   -1.07001400    0.73448400
H                  5.55691400   -2.90577700   -0.40927400
H                  2.40459800   -3.15650000   -3.31484800
H                  1.24211000   -1.27786500   -2.20608700
H                  1.24246400    1.27761000    2.20617200
H                  2.40525500    3.15607500    3.31490600
H                  5.55728000    2.90513800    0.40903700
H                  4.35908000    1.06955800   -0.73469800
H                 -0.13350800   -2.94332700   -1.30865500
H                 -0.61976200   -5.24885900   -2.05053200
H                  0.18059200   -6.69000000    1.91434200
H                  0.62062200   -4.38103300    2.67030800
H                 -0.13479600   -0.60710500    3.17446900
H                  1.24595200   -0.05482300    5.16585600
H                  4.32939100   -2.68757100    3.74552600
H                  2.96396100   -3.20213500    1.73373500