N                  0.00006700   -3.98294700    0.00036400
C                  0.00001500   -2.82100500    0.00019200
C                 -0.00001600   -1.39065800    0.00004900
C                 -1.23276100   -0.70539800    0.00050000
N                 -2.42777400   -1.44456700   -0.02059000
C                 -2.91338800   -2.13625000   -1.15167700
C                 -2.24998900   -2.48127900   -2.32557100
C                 -2.99216600   -3.11343500   -3.32266200
C                 -4.35690300   -3.39256600   -3.14989600
C                 -5.01029200   -3.04188300   -1.97105200
C                 -4.28907800   -2.40374700   -0.95937800
C                 -4.65607200   -1.86077200    0.33496000
C                 -5.85049400   -1.81381500    1.05824900
C                 -5.85855300   -1.19955300    2.30858200
C                 -4.68277300   -0.65876800    2.85198500
C                 -3.47777000   -0.70575600    2.15388100
C                 -3.49065700   -1.28137300    0.88791200
C                 -1.23273700    0.70547100   -0.00058300
N                 -2.42772500    1.44470200    0.02049000
C                 -2.91331900    2.13636200    1.15159700
C                 -2.24987100    2.48144900    2.32544900
C                 -2.99206100    3.11343200    3.32263800
C                 -4.35686100    3.39234600    3.15000500
C                 -5.01028900    3.04163800    1.97119100
C                 -4.28905600    2.40368900    0.95941000
C                 -4.65607400    1.86074700   -0.33493700
C                 -5.85051400    1.81378700   -1.05819200
C                 -5.85857700    1.19964100   -2.30858000
C                 -4.68277800    0.65897600   -2.85207000
C                 -3.47776900    0.70592800   -2.15398000
C                 -3.49063900    1.28144200   -0.88796200
C                  0.00000900    1.39071100   -0.00010100
C                  0.00004900    2.82105900   -0.00013300
N                  0.00006200    3.98300100   -0.00013900
C                  1.23276000    0.70543600    0.00043500
N                  2.42779700    1.44460600   -0.02084300
C                  2.91338800    2.13594000   -1.15213800
C                  2.24994700    2.48068800   -2.32609600
C                  2.99211500    3.11249500   -3.32341100
C                  4.35688400    3.39157400   -3.15079500
C                  5.01030700    3.04120100   -1.97187900
C                  4.28910000    2.40343300   -0.95996300
C                  4.65610400    1.86083600    0.33452900
C                  5.85053000    1.81409000    1.05783000
C                  5.85859500    1.20021700    2.30835000
C                  4.68281100    0.65960100    2.85192500
C                  3.47780700    0.70639500    2.15382400
C                  3.49067000    1.28164900    0.88768300
C                  1.23274100   -0.70540800   -0.00046400
N                  2.42775200   -1.44461400    0.02083500
C                  2.91331600   -2.13595600    1.15213100
C                  2.24983400   -2.48073600    2.32605800
C                  2.99197500   -3.11253900    3.32339300
C                  4.35675700   -3.39159100    3.15082200
C                  5.01021100   -3.04121900    1.97192400
C                  4.28903400   -2.40344300    0.95999200
C                  4.65604600   -1.86090600   -0.33452300
C                  5.85048800   -1.81416600   -1.05779600
C                  5.85857600   -1.20032200   -2.30833300
C                  4.68280500   -0.65970100   -2.85193000
C                  3.47779200   -0.70644400   -2.15383300
C                  3.49063000   -1.28170300   -0.88769800
H                 -1.19638600   -2.26778000   -2.46864500
H                 -2.49901400   -3.39851400   -4.24711000
H                 -4.90633200   -3.88899100   -3.94394400
H                 -6.06899200   -3.24763900   -1.84257500
H                 -6.75804700   -2.24736300    0.64837100
H                 -6.78285300   -1.14688900    2.87590900
H                 -4.70725200   -0.18670800    3.82900000
H                 -2.57208000   -0.28961000    2.57842400
H                 -1.19622500    2.26808900    2.46842800
H                 -2.49887800    3.39854100    4.24706000
H                 -4.90629900    3.88864000    3.94412900
H                 -6.06902200    3.24727700    1.84279500
H                 -6.75807500    2.24726100   -0.64825300
H                 -6.78288600    1.14699100   -2.87589300
H                 -4.70726600    0.18700200   -3.82912600
H                 -2.57205800    0.28988700   -2.57859600
H                  1.19632000    2.26721900   -2.46904500
H                  2.49894100    3.39734500   -4.24791900
H                  4.90631100    3.88770600   -3.94502800
H                  6.06902300    3.24694400   -1.84351600
H                  6.75808700    2.24748600    0.64779900
H                  6.78289300    1.14772900    2.87569700
H                  4.70730400    0.18783900    3.82908400
H                  2.57211200    0.29039000    2.57849200
H                  1.19619600   -2.26728400    2.46896300
H                  2.49877600   -3.39739900    4.24788400
H                  4.90616100   -3.88774100    3.94505900
H                  6.06893000   -3.24696600    1.84358900
H                  6.75803000   -2.24757800   -0.64774900
H                  6.78288500   -1.14784600   -2.87566100
H                  4.70731100   -0.18795200   -3.82909400
H                  2.57211000   -0.29040900   -2.57851600