C                  4.99236500   -6.54323600   -2.83242400
O                  4.66489200   -5.19661600   -3.12238300
C                  3.72503900   -4.58848200   -2.33770500
C                  3.45909300   -3.24247300   -2.66671800
C                  2.52939800   -2.49718800   -1.95666500
C                  1.86885200   -3.11644700   -0.89634900
C                  2.11241500   -4.46475700   -0.56193200
C                  3.05045300   -5.21079600   -1.28789800
C                  1.24214800   -4.79343900    0.55031000
C                  1.06838400   -5.95879300    1.30881500
C                  0.14774300   -5.93880300    2.35610400
O                 -0.12060300   -7.00325100    3.17127200
C                  0.58800500   -8.20646900    2.93657400
C                 -0.58344900   -4.76826000    2.64947400
C                 -0.41744900   -3.60904300    1.90537500
C                  0.49097800   -3.63678900    0.84786000
N                  0.87003100   -2.61233300   -0.04004900
C                  0.39796300   -1.29919100   -0.02500800
C                 -0.95931900   -1.00813000   -0.25025800
Cl                -2.04372000   -2.28112900   -0.71283700
C                 -1.42784500    0.31625900   -0.20870300
N                 -2.77971000    0.60424300   -0.41814800
C                 -3.83469100    0.19889800    0.41686400
C                 -3.79421700   -0.48738900    1.62988100
C                 -4.99763400   -0.74201500    2.27185800
C                 -6.22526200   -0.31388300    1.72300000
O                 -7.32851600   -0.63411200    2.46532000
C                 -8.59233500   -0.22647200    1.97428000
C                 -6.26138300    0.38419300    0.51622400
C                 -5.05166200    0.64283900   -0.14266700
C                 -4.72712100    1.33605800   -1.37387300
C                 -5.51558500    1.95751500   -2.35205900
C                 -4.87963900    2.52445800   -3.45555300
O                 -5.52596200    3.16085700   -4.47916600
C                 -6.93527500    3.26784900   -4.40074300
C                 -3.47594000    2.46549500   -3.58684900
C                 -2.68617000    1.85210300   -2.62545300
C                 -3.32361900    1.29882300   -1.51566100
C                 -0.50866100    1.37221200   -0.00908300
C                 -0.97688900    2.72154400   -0.01547800
N                 -1.35749000    3.81963100   -0.02271500
C                  0.86016800    1.10325600    0.18626400
N                  1.76977300    2.14232400    0.39748300
C                  2.90678600    2.39910000   -0.39237000
C                  3.32538400    1.79000800   -1.57479600
C                  4.48293900    2.26344800   -2.17486000
C                  5.21201400    3.33453700   -1.61634600
O                  6.33090100    3.69375000   -2.31553800
C                  7.11589400    4.75349400   -1.80051200
C                  4.78195400    3.95296700   -0.44294100
C                  3.61631900    3.47871700    0.17354200
C                  2.89609900    3.88685300    1.36345100
C                  3.14189400    4.87070300    2.33070500
C                  2.25275900    4.98912700    3.39785000
O                  2.37214800    5.90406100    4.40716900
C                  3.46756300    6.79931300    4.35630500
C                  1.13806000    4.13086600    3.50442900
C                  0.88570000    3.15367900    2.55276300
C                  1.76646400    3.04914100    1.47667800
C                  1.29784400   -0.23542600    0.21355900
C                  2.64342700   -0.52744000    0.59480800
N                  3.73118400   -0.76604200    0.92688500
H                  5.75910100   -6.82932700   -3.55434800
H                  5.39216100   -6.64978600   -1.81497300
H                  4.12172300   -7.20346300   -2.94637800
H                  4.00689300   -2.80392900   -3.49357400
H                  2.33139300   -1.46511100   -2.22522600
H                  3.23347800   -6.24697800   -1.03061600
H                  1.65015300   -6.84374700    1.08127400
H                  1.67077400   -8.06626600    3.05699500
H                  0.23044000   -8.91761100    3.68312300
H                  0.38769600   -8.60236800    1.93167400
H                 -1.28156000   -4.80014300    3.47888300
H                 -0.98130500   -2.71447200    2.14674300
H                 -2.85512600   -0.81298100    2.06559400
H                 -5.02222100   -1.27620900    3.21545800
H                 -8.65763500    0.86666000    1.88801500
H                 -9.32604100   -0.57591100    2.70266100
H                 -8.80856800   -0.67626800    0.99567500
H                 -7.19461800    0.73071400    0.08911600
H                 -6.59294600    1.98340800   -2.24219200
H                 -7.41497800    2.27949700   -4.39028500
H                 -7.24754000    3.82665400   -3.50809300
H                 -7.24700600    3.81072400   -5.29468400
H                 -3.02868900    2.91883200   -4.46468500
H                 -1.60826700    1.81448200   -2.74036800
H                  2.77098200    0.97026100   -2.01935500
H                  4.85605200    1.81770700   -3.09041900
H                  7.49928500    4.51980400   -0.79808300
H                  7.95364400    4.87100700   -2.48997600
H                  6.54702700    5.69226900   -1.75663000
H                  5.32315400    4.78466300   -0.00855000
H                  4.01167200    5.51023200    2.24220300
H                  3.43997200    7.41811100    3.44913100
H                  3.37425100    7.44060000    5.23441600
H                  4.42686700    6.26545800    4.39650400
H                  0.47828900    4.25844900    4.35561700
H                  0.02556800    2.50074000    2.65159400