N                 -0.16878000   -4.15798900    1.33917000
C                 -0.28347100   -3.08884100    0.89642300
C                 -0.42200800   -1.77073200    0.36621500
C                 -1.64466000   -1.36072100   -0.20007100
N                 -2.74111900   -2.22543700   -0.29245400
C                 -4.00922000   -1.77891200    0.17397200
C                 -4.08426100   -1.02873600    1.35401100
C                 -5.30826300   -0.53563900    1.79842500
C                 -6.45326500   -0.82739500    1.06776900
F                 -7.64287000   -0.36248100    1.49966200
C                 -6.40565300   -1.58983600   -0.09435700
C                 -5.17621600   -2.05612600   -0.54751000
C                 -2.58684900   -3.50394100   -0.89613200
C                 -3.20628200   -4.63082600   -0.34355300
C                 -3.03602400   -5.87976100   -0.93046100
C                 -2.22657800   -5.99250200   -2.05615600
F                 -2.05041000   -7.20535200   -2.61758500
C                 -1.59925400   -4.88913300   -2.62051700
C                 -1.79564200   -3.63734700   -2.04284300
C                 -1.72836700   -0.04842700   -0.71093300
C                 -2.84778600    0.29165500   -1.53089300
N                 -3.72808500    0.52783100   -2.25298200
C                 -0.67726500    0.88009200   -0.54810200
N                 -0.85710000    2.20163700   -0.98101100
C                  0.05135200    2.73721500   -1.93813300
C                  0.51147800    4.05433400   -1.82103400
C                  1.39116500    4.57412100   -2.76495400
C                  1.81129200    3.76374700   -3.81534600
F                  2.67479400    4.26287000   -4.72104400
C                  1.35552000    2.45997800   -3.96247900
C                  0.45828200    1.95472400   -3.02357900
C                 -2.06303300    2.89959300   -0.67759900
C                 -2.62571500    3.78957000   -1.60045800
C                 -3.80627500    4.46340300   -1.30159500
C                 -4.43546500    4.22275200   -0.08713900
F                 -5.58524600    4.86596800    0.19999400
C                 -3.90809600    3.33073900    0.83791900
C                 -2.71409500    2.68121100    0.54421400
C                  0.55233700    0.45761200    0.03907800
N                  1.59163500    1.38871500    0.25734000
C                  1.33474400    2.56073200    1.01159100
C                  2.10105300    3.71897900    0.80440200
C                  1.85087400    4.87470200    1.53701900
C                  0.81347400    4.88185200    2.46355100
F                  0.56045300    6.00829000    3.16134400
C                  0.03809700    3.75296000    2.68828900
C                  0.31458600    2.59068700    1.97196400
C                  2.92745500    1.08347000   -0.13885500
C                  3.99163000    1.25913500    0.75521300
C                  5.29459600    0.96957100    0.36377200
C                  5.52064600    0.48191700   -0.91886600
F                  6.78052500    0.17162200   -1.28769600
C                  4.48382500    0.29153800   -1.82006100
C                  3.18485500    0.60157000   -1.42506600
C                  0.67465800   -0.88362100    0.45363100
N                  1.89002400   -1.37134100    1.01378800
C                  1.98341700   -1.47885100    2.43511900
C                  2.21970400   -2.71683600    3.04949500
C                  2.30715800   -2.80833600    4.43495700
C                  2.13149000   -1.66026100    5.20054000
F                  2.20338500   -1.75070000    6.54482800
C                  1.88589400   -0.42428200    4.61766800
C                  1.82801500   -0.33699600    3.22760000
C                  2.78992300   -2.07008100    0.17162400
C                  2.39692500   -2.54248000   -1.08900900
C                  3.31600300   -3.16249400   -1.93388900
C                  4.62635300   -3.32107400   -1.50927300
F                  5.52003500   -3.92086600   -2.32600800
C                  5.03899100   -2.87766000   -0.25790400
C                  4.12254100   -2.24809800    0.57573900
H                 -3.18085700   -0.83373600    1.92273500
H                 -5.38610500    0.04916000    2.70845400
H                 -7.31953800   -1.78629800   -0.64392500
H                 -5.11288100   -2.61921200   -1.47151300
H                 -3.80626300   -4.52512200    0.55330300
H                 -3.50031100   -6.76668100   -0.51375000
H                 -0.98535000   -5.01445400   -3.50558500
H                 -1.33768600   -2.75704300   -2.48258800
H                  0.17862800    4.66270300   -0.98939000
H                  1.76327900    5.59006400   -2.69027000
H                  1.68839800    1.86578100   -4.80632900
H                  0.06416100    0.94936100   -3.13263500
H                 -2.15108300    3.94170500   -2.56208600
H                 -4.25359400    5.15075400   -2.01104800
H                 -4.42659300    3.15729800    1.77435700
H                 -2.29951200    1.98351000    1.26017400
H                  2.88620500    3.71307800    0.05877000
H                  2.43881700    5.77328800    1.38373100
H                 -0.76158800    3.78483900    3.41990000
H                 -0.26782200    1.69688100    2.16117400
H                  3.79611800    1.61500600    1.76023500
H                  6.12872200    1.09218700    1.04607800
H                  4.69412800   -0.10244800   -2.80757000
H                  2.36424900    0.46296800   -2.11591400
H                  2.32029700   -3.60578400    2.43899100
H                  2.48447300   -3.75903800    4.92577900
H                  1.76330500    0.45324500    5.24333500
H                  1.67056400    0.62419800    2.75884900
H                  1.37287900   -2.42751800   -1.42231300
H                  3.01897900   -3.52980200   -2.91033500
H                  6.07348600   -3.00466600    0.04196300
H                  4.44293200   -1.86980700    1.53840700