N                  1.07417500    3.85388200   -2.16303000
C                  0.87353600    2.97406400   -1.43034100
C                  0.61084600    1.89315700   -0.53367500
C                  1.37873300    1.76034100    0.64021300
N                  2.39795800    2.67774900    0.94782800
C                  3.74084600    2.20770900    0.93419400
C                  4.15279900    1.31624900   -0.06339400
C                  5.45103600    0.81198700   -0.06136200
C                  6.34039900    1.22365400    0.92806900
Br                 8.12184900    0.54423800    0.93063400
C                  5.94786500    2.12703000    1.91618700
C                  4.64423900    2.61040600    1.92363500
C                  2.08574700    4.05186500    1.09658600
C                  2.95702000    5.04311100    0.62853000
C                  2.63009000    6.38648800    0.77565200
C                  1.42178800    6.74063000    1.37452200
Br                 0.96847300    8.58383500    1.56344800
C                  0.54232900    5.76556100    1.83842800
C                  0.88186500    4.42208700    1.70894200
C                  1.17106900    0.62630200    1.44695800
C                  1.99256200    0.42187100    2.59693400
N                  2.66134900    0.26085900    3.53402400
C                  0.17469400   -0.32438000    1.12814400
N                  0.11096700   -1.53096200    1.88052300
C                  0.92694400   -2.60818900    1.45137800
C                  0.63369500   -3.91255400    1.87798700
C                  1.34942700   -4.99731200    1.38853700
C                  2.36120600   -4.78966200    0.45282700
Br                 3.24646500   -6.28853700   -0.32262000
C                  2.69924900   -3.50190800    0.05200000
C                  1.99107500   -2.41392300    0.55756400
C                 -0.44747700   -1.51524500    3.19464100
C                  0.32324800   -1.88432200    4.30478700
C                 -0.23213300   -1.86907800    5.57989700
C                 -1.55659700   -1.46436100    5.74667000
Br                -2.31465600   -1.42786800    7.49751900
C                 -2.33414200   -1.09015600    4.65444500
C                 -1.77861000   -1.13118700    3.37693000
C                 -0.65625700   -0.13042700    0.00854500
N                 -1.77213000   -0.96874800   -0.24580500
C                 -3.06608700   -0.45349900    0.00395000
C                 -3.25480200    0.65872100    0.83981400
C                 -4.52178000    1.20989500    1.01519400
C                 -5.61156200    0.64772400    0.35915200
Br                -7.31832500    1.48662200    0.46660900
C                 -5.45213400   -0.48475300   -0.43780300
C                 -4.18627100   -1.02661700   -0.61775700
C                 -1.56697400   -2.35204700   -0.50198500
C                 -2.26217900   -3.33335500    0.21601000
C                 -1.98163800   -4.67924000    0.01046300
C                 -0.98638100   -5.04251000   -0.89722600
Br                -0.46516900   -6.86744800   -1.04206800
C                 -0.31281500   -4.08174200   -1.64298300
C                 -0.62090700   -2.73667300   -1.45521400
C                 -0.34021100    0.91645500   -0.89693600
N                 -0.78633900    0.89849500   -2.23554800
C                 -2.15827500    1.01956200   -2.57538600
C                 -2.74620800    0.13151100   -3.48388500
C                 -4.10446600    0.22383200   -3.76701600
C                 -4.87205800    1.19554500   -3.12426100
Br                -6.76250300    1.20338200   -3.35343300
C                 -4.29424100    2.10791600   -2.24765000
C                 -2.92919300    2.02499900   -1.98680300
C                  0.20080400    0.75327600   -3.24672600
C                  1.36099400    0.00211500   -3.00111500
C                  2.33879000   -0.13075000   -3.98289900
C                  2.15261900    0.47546300   -5.22281000
Br                 3.48415300    0.28536900   -6.57370700
C                  1.00330200    1.22005200   -5.48369100
C                  0.03598000    1.36642100   -4.49489600
H                  3.46307300    1.03022800   -0.85155400
H                  5.77451300    0.12135500   -0.83176500
H                  6.64879900    2.42913100    2.68571400
H                  4.31579200    3.28610600    2.70551600
H                  3.87970300    4.76063700    0.13482400
H                  3.30025500    7.15484900    0.40764300
H                 -0.38972600    6.05279200    2.31160800
H                  0.21477800    3.65660800    2.09234700
H                 -0.18413400   -4.07788400    2.56859000
H                  1.08484500   -6.00404000    1.68886500
H                  3.50593500   -3.34543100   -0.65542900
H                  2.27260400   -1.41603400    0.24312400
H                  1.36011800   -2.16730900    4.16831100
H                  0.36502300   -2.14816200    6.44037600
H                 -3.36601300   -0.78821300    4.79394500
H                 -2.38880200   -0.87523400    2.52120200
H                 -2.40663600    1.11584100    1.33629000
H                 -4.65351500    2.08523100    1.64133400
H                 -6.30130300   -0.90071600   -0.96665400
H                 -4.05725700   -1.87641100   -1.27645200
H                 -2.99470300   -3.04040200    0.95984400
H                 -2.49502800   -5.44091200    0.58639000
H                  0.45899200   -4.37761500   -2.34360000
H                 -0.10788900   -1.98064800   -2.03691400
H                 -2.14356100   -0.64588800   -3.94123000
H                 -4.57443900   -0.47870100   -4.44584800
H                 -4.90818100    2.84966600   -1.75115900
H                 -2.46108100    2.72743800   -1.30552900
H                  1.50432600   -0.48159200   -2.04088100
H                  3.23203000   -0.71415300   -3.78979600
H                  0.87493400    1.70174300   -6.44625000
H                 -0.84377700    1.97033900   -4.68406200