N                  3.56772300    1.01576700    1.21407500
C                  2.52903600    0.70111200    0.79908500
C                  1.24105400    0.31530000    0.31487700
C                  0.30536300    1.31269200   -0.03962800
N                  0.69844800    2.65272000   -0.05667800
C                  0.18383300    3.67411800    0.76300500
C                 -0.80774200    3.62133200    1.73799100
C                 -1.10079700    4.79646600    2.42172700
C                 -0.43258300    6.01585400    2.16984000
C                  0.56889100    6.03223500    1.19676600
C                  0.88600300    4.86737000    0.49088000
C                  1.86796000    4.56233600   -0.53456400
C                  2.82444800    5.33179200   -1.20449500
C                  3.64222200    4.75009400   -2.17531100
C                  3.46566500    3.37830400   -2.46422400
C                  2.52124500    2.58797700   -1.81867000
C                  1.73396500    3.19268800   -0.84359400
C                 -1.00520300    0.93162100   -0.37633300
Cl                -2.11922000    2.12063100   -0.97051300
C                 -1.39530300   -0.41739600   -0.32950900
N                 -2.70623200   -0.79380600   -0.64111600
C                 -3.11444200   -1.54058400   -1.76198000
C                 -2.35913700   -2.07836600   -2.79944900
C                 -3.03990600   -2.76108900   -3.80155100
C                 -4.44447800   -2.91715600   -3.80501700
C                 -5.17504200   -2.35317600   -2.75750000
C                 -4.52027500   -1.66150700   -1.73320300
C                 -4.98584600   -0.96446500   -0.54758400
C                 -6.25121000   -0.75865300    0.01174100
C                 -6.38820800   -0.03806300    1.20024900
C                 -5.22027800    0.46415700    1.81780800
C                 -3.94806700    0.27380700    1.28906400
C                 -3.84664200   -0.43757800    0.09732000
C                 -0.43725200   -1.40751100   -0.01498100
C                 -0.82161700   -2.78349400   -0.01894100
N                 -1.13369200   -3.90283700   -0.02457800
C                  0.88906600   -1.04790300    0.29156800
N                  1.83960500   -2.02192500    0.61139900
C                  1.80075100   -2.89562200    1.71605800
C                  0.84309000   -3.02933000    2.71683000
C                  1.08237500   -3.96941200    3.71320400
C                  2.24547300   -4.77104500    3.74763900
C                  3.19552700   -4.60056600    2.73910200
C                  2.98417500   -3.66406500    1.72216300
C                  3.77563100   -3.24348200    0.58009900
C                  5.01409500   -3.64675600    0.07076800
C                  5.53062100   -3.04989400   -1.08106000
C                  4.76552700   -2.04534800   -1.71512600
C                  3.52946200   -1.62573500   -1.23610700
C                  3.05006100   -2.22774300   -0.07655900
H                 -1.33807600    2.70165400    1.96176900
H                 -1.87699300    4.76439400    3.17958100
H                  1.11678000    6.94187200    0.98082900
H                  2.91840600    6.38291000   -0.95842200
H                  4.09031200    2.91083400   -3.21849300
H                  2.41152900    1.53831800   -2.07033900
H                 -1.27915100   -1.97918000   -2.82995800
H                 -2.45711800   -3.19107800   -4.60969200
H                 -6.25474400   -2.44000000   -2.72503800
H                 -7.11940100   -1.17022300   -0.48939400
H                 -5.30899600    1.02183500    2.74464700
H                 -3.07018800    0.66584100    1.79315700
H                 -0.06181800   -2.43131200    2.72611900
H                  0.33560100   -4.08527700    4.49197300
H                  4.10873800   -5.18389100    2.73308500
H                  5.56254600   -4.42832700    0.58313900
H                  5.15042500   -1.57356200   -2.61346000
H                  2.96683000   -0.85510300   -1.75302300
C                 -0.82558900    7.26403700    2.97264800
C                 -0.59813400    7.00042100    4.47711900
H                 -0.87614600    7.88300000    5.06548800
H                  0.45473400    6.77293400    4.67648000
H                 -1.19636700    6.15728000    4.83694200
C                 -2.31634700    7.58302600    2.72630400
H                 -2.61577000    8.47131200    3.29526400
H                 -2.96462600    6.75582200    3.03247900
H                 -2.50137200    7.77756500    1.66418300
C                  0.00060300    8.49725300    2.57242200
H                 -0.31539100    9.36098900    3.16726100
H                 -0.13835400    8.75277800    1.51613200
H                  1.07041900    8.34414400    2.75213300
C                  4.71765800    5.54134600   -2.93286300
C                  4.77201000    7.01435500   -2.49598200
H                  5.55208700    7.53702400   -3.05991500
H                  5.00996400    7.11250600   -1.43111600
H                  3.82366300    7.52906400   -2.68628500
C                  6.10073200    4.90846100   -2.66532400
H                  6.88292500    5.46115900   -3.19937800
H                  6.14148100    3.86624200   -2.99737300
H                  6.33568000    4.92700700   -1.59567100
C                  4.41691100    5.49942300   -4.44690900
H                  5.17925000    6.05800800   -5.00297900
H                  3.43986300    5.94618900   -4.66158700
H                  4.40778500    4.47444800   -4.83112400
C                  2.42008500   -5.78756800    4.88459100
C                  1.25534400   -6.80088000    4.84807200
H                  0.28518700   -6.30889100    4.96963900
H                  1.36264500   -7.53490400    5.65573300
H                  1.23903100   -7.33922100    3.89424300
C                  2.41658400   -5.04845600    6.24043500
H                  1.48042600   -4.50543000    6.40460500
H                  3.23696200   -4.32406900    6.28999100
H                  2.53818900   -5.76189900    7.06428200
C                  3.73903100   -6.56898700    4.76879800
H                  4.60930700   -5.90508600    4.81667700
H                  3.79139200   -7.13908300    3.83469800
H                  3.81897600   -7.28113000    5.59721700
C                  6.88907300   -3.44357200   -1.67802400
C                  6.68772000   -3.96125800   -3.11885900
H                  6.23450300   -3.20167600   -3.76382600
H                  6.03487300   -4.84100500   -3.12784500
H                  7.65062200   -4.24386700   -3.56094000
C                  7.81508900   -2.20788800   -1.70017200
H                  7.39531000   -1.39673900   -2.30352400
H                  8.79161700   -2.47039700   -2.12452600
H                  7.97259700   -1.82271900   -0.68696700
C                  7.58356300   -4.54824900   -0.86505100
H                  7.77993900   -4.23038600    0.16479100
H                  8.54628500   -4.79445300   -1.32585700
H                  6.98579300   -5.46592900   -0.83454900
C                 -5.10778500   -3.69388700   -4.95109900
C                 -4.55849900   -5.13695000   -4.97648000
H                 -3.47468900   -5.15640700   -5.12805800
H                 -5.02120100   -5.70707500   -5.79099700
H                 -4.77247400   -5.65020400   -4.03277100
C                 -4.79171200   -2.99957300   -6.29371400
H                 -3.71473700   -2.95534700   -6.48442000
H                 -5.17535100   -1.97334900   -6.30009700
H                 -5.25618300   -3.54474000   -7.12409900
C                 -6.63581600   -3.76568600   -4.79740700
H                 -7.09114700   -2.76908800   -4.80035500
H                 -6.92625100   -4.27461200   -3.87172400
H                 -7.06392900   -4.32846700   -5.63394000
C                 -7.75161600    0.22121000    1.85690600
C                 -7.76662300   -0.39759600    3.27166700
H                 -6.98884400    0.03188700    3.91111500
H                 -7.60093200   -1.47941400    3.22376900
H                 -8.73409200   -0.21955000    3.75619600
C                 -7.99055100    1.74344900    1.95935700
H                 -7.21927300    2.23626800    2.55982500
H                 -8.96060200    1.94699900    2.42840500
H                 -7.98649900    2.20475500    0.96570700
C                 -8.91032200   -0.39213500    1.05386500
H                 -8.96957000    0.02704100    0.04336400
H                 -9.85980800   -0.18053700    1.55730700
H                 -8.81434000   -1.48027300    0.97035400