N                  0.44707300   -1.92627500   -4.67851900
C                  0.26530100   -1.38580000   -3.66533400
C                  0.08431400   -0.70039600   -2.42490500
C                 -0.08431400    0.70039600   -2.42490500
C                 -0.26530100    1.38580000   -3.66533400
N                 -0.44707300    1.92627500   -4.67851900
C                 -0.13966400    1.41186800   -1.21275900
N                 -0.33804300    2.81093300   -1.23248800
C                 -1.59719500    3.29390300   -0.77296300
C                 -1.67132400    4.44233200    0.02426900
C                 -2.90691200    4.88824300    0.48525300
C                 -4.07757700    4.19695800    0.16327600
C                 -4.00482000    3.06522900   -0.64780100
C                 -2.77248800    2.62057600   -1.12491900
C                  0.55639800    3.65000000   -1.94797500
C                  1.89123000    3.26105500   -2.12995700
C                  2.77248800    4.07557400   -2.83372200
C                  2.34829900    5.29565100   -3.35979100
C                  1.01839900    5.67849300   -3.18675700
C                  0.12330200    4.86387400   -2.49821300
C                 -0.06398300    0.70861500    0.01720600
N                 -0.15042000    1.41629400    1.23638800
C                  0.75350100    2.47842600    1.50272500
C                  2.06039000    2.43084300    1.00627300
C                  2.94550200    3.47905200    1.23968100
C                  2.55360000    4.58099200    1.99831000
C                  1.25672700    4.62185100    2.51361600
C                  0.35782100    3.58838200    2.26377700
C                 -1.19707200    1.10909100    2.14917800
C                 -2.46296900    0.75423000    1.67421900
C                 -3.48654600    0.43575700    2.56328200
C                 -3.26997000    0.49237300    3.93915000
C                 -2.01245900    0.86976200    4.41557800
C                 -0.97847800    1.16792800    3.53279300
C                  0.06398300   -0.70861500    0.01720600
N                  0.15042000   -1.41629400    1.23638800
C                  1.19707200   -1.10909100    2.14917800
C                  2.46296900   -0.75423000    1.67421900
C                  3.48654600   -0.43575700    2.56328200
C                  3.26997000   -0.49237300    3.93915000
C                  2.01245900   -0.86976200    4.41557800
C                  0.97847800   -1.16792800    3.53279300
C                 -0.75350100   -2.47842600    1.50272500
C                 -0.35782100   -3.58838200    2.26377700
C                 -1.25672700   -4.62185100    2.51361600
C                 -2.55360000   -4.58099200    1.99831000
C                 -2.94550200   -3.47905200    1.23968100
C                 -2.06039000   -2.43084300    1.00627300
C                  0.13966400   -1.41186800   -1.21275900
N                  0.33804300   -2.81093300   -1.23248800
C                  1.59719500   -3.29390300   -0.77296300
C                  2.77248800   -2.62057600   -1.12491900
C                  4.00482000   -3.06522900   -0.64780100
C                  4.07757700   -4.19695800    0.16327600
C                  2.90691200   -4.88824300    0.48525300
C                  1.67132400   -4.44233200    0.02426900
C                 -0.55639800   -3.65000000   -1.94797500
C                 -0.12330200   -4.86387400   -2.49821300
C                 -1.01839900   -5.67849300   -3.18675700
C                 -2.34829900   -5.29565100   -3.35979100
C                 -2.77248800   -4.07557400   -2.83372200
C                 -1.89123000   -3.26105500   -2.12995700
H                 -0.76011300    4.96895700    0.27846600
H                 -2.95340000    5.77593900    1.10978900
H                 -5.03722300    4.54420500    0.53394100
H                 -4.90945900    2.53063400   -0.92320700
H                 -2.71680400    1.75336900   -1.77515300
H                  2.23600100    2.31724900   -1.72698800
H                  3.80102400    3.75135200   -2.96567500
H                  3.03915700    5.93139400   -3.90474300
H                  0.66110700    6.61387100   -3.60817400
H                 -0.91356100    5.16145700   -2.40231900
H                  2.38076900    1.56735400    0.43945600
H                  3.94924400    3.42671300    0.82828500
H                  3.24679000    5.39500400    2.18629500
H                  0.93101400    5.47420200    3.10357100
H                 -0.65493400    3.64472500    2.64251100
H                 -2.64712000    0.74809800    0.60813500
H                 -4.46062000    0.15507000    2.17321000
H                 -4.07012800    0.25108300    4.63220100
H                 -1.82632200    0.91777400    5.48494000
H                  0.00115100    1.43695200    3.90684100
H                  2.64712000   -0.74809800    0.60813500
H                  4.46062000   -0.15507000    2.17321000
H                  4.07012800   -0.25108300    4.63220100
H                  1.82632200   -0.91777400    5.48494000
H                 -0.00115100   -1.43695200    3.90684100
H                  0.65493400   -3.64472500    2.64251100
H                 -0.93101400   -5.47420200    3.10357100
H                 -3.24679000   -5.39500400    2.18629500
H                 -3.94924400   -3.42671300    0.82828500
H                 -2.38076900   -1.56735400    0.43945600
H                  2.71680400   -1.75336900   -1.77515300
H                  4.90945900   -2.53063400   -0.92320700
H                  5.03722300   -4.54420500    0.53394100
H                  2.95340000   -5.77593900    1.10978900
H                  0.76011300   -4.96895700    0.27846600
H                  0.91356100   -5.16145700   -2.40231900
H                 -0.66110700   -6.61387100   -3.60817400
H                 -3.03915700   -5.93139400   -3.90474300
H                 -3.80102400   -3.75135200   -2.96567500
H                 -2.23600100   -2.31724900   -1.72698800