C                  0.00925200   -7.25968800    0.00000000
C                 -0.01435000   -5.75198100    0.00000000
C                 -0.01397700   -5.03500100    1.20033400
C                 -0.00702200   -3.63899000    1.22587000
C                 -0.00829800   -2.89266000    2.53850700
C                 -0.00313100   -2.94695500    0.00000000
C                 -0.00126500   -1.45854400    0.00000000
C                  1.21452400   -0.74688300    0.00000000
C                  2.47891100   -1.40521500    0.00000000
C                  3.64481300   -0.69064100    0.00000000
C                  3.64284000    0.73720100    0.00000000
C                  4.97398300    1.48751700    0.00000000
C                  4.78727800    3.01318500    0.00000000
C                  5.77075200    1.08872200    1.26377700
C                  5.77075200    1.08872200   -1.26377700
C                  2.42651900    1.39606700    0.00000000
C                  1.20871600    0.68268200    0.00000000
N                  0.00201400    1.34940200    0.00000000
C                  0.00373200    2.80031200    0.00000000
C                  0.00453900    3.47875900    1.21673400
C                  0.00619300    4.87373200    1.21117200
C                  0.00702100    5.56899200    0.00000000
C                  0.00619300    4.87373200   -1.21117200
C                  0.00453900    3.47875900   -1.21673400
C                 -1.20625900    0.68551300    0.00000000
C                 -2.42238600    1.40175400    0.00000000
C                 -3.64023900    0.74573200    0.00000000
C                 -4.96959000    1.49920000    0.00000000
C                 -5.76731000    1.10232400   -1.26378800
C                 -5.76731000    1.10232400    1.26378800
C                 -4.77916900    3.02440000    0.00000000
C                 -3.64555400   -0.68210300    0.00000000
C                 -2.48134100   -1.39942300    0.00000000
C                 -1.21540700   -0.74402800    0.00000000
C                 -0.00702200   -3.63899000   -1.22587000
C                 -0.00829800   -2.89266000   -2.53850700
C                 -0.01397700   -5.03500100   -1.20033400
H                  1.04104400   -7.63366100    0.00000000
H                 -0.48524900   -7.66757300   -0.88678900
H                 -0.48524900   -7.66757300    0.88678900
H                 -0.02051200   -5.57581000    2.14338100
H                 -0.00938500   -3.58722900    3.38201800
H                  0.87383400   -2.24850200    2.63692000
H                 -0.89012200   -2.24778200    2.63520500
H                  2.48898900   -2.48903400    0.00000000
H                  4.58967100   -1.22155300    0.00000000
H                  5.76734400    3.49920600    0.00000000
H                  4.24888800    3.35879200   -0.88947100
H                  4.24888800    3.35879200    0.88947100
H                  5.22468100    1.35857900    2.17397800
H                  5.97945400    0.01514600    1.29847600
H                  6.73135900    1.61405600    1.27421900
H                  6.73135900    1.61405600   -1.27421900
H                  5.97945400    0.01514600   -1.29847600
H                  5.22468100    1.35857900   -2.17397800
H                  2.39348400    2.47440200    0.00000000
H                  0.00387200    2.91988000    2.14713800
H                  0.00683100    5.41492000    2.15180500
H                  0.00830600    6.65431600    0.00000000
H                  0.00683100    5.41492000   -2.15180500
H                  0.00387200    2.91988000   -2.14713800
H                 -2.38685000    2.48001100    0.00000000
H                 -5.97863400    0.02926300   -1.29847800
H                 -5.22057000    1.37083900   -2.17398500
H                 -6.72663100    1.63000100   -1.27425000
H                 -6.72663100    1.63000100    1.27425000
H                 -5.97863400    0.02926300    1.29847800
H                 -5.22057000    1.37083900    2.17398500
H                 -4.23993000    3.36868700   -0.88947100
H                 -5.75804600    3.51280900    0.00000000
H                 -4.23993000    3.36868700    0.88947100
H                 -4.59163800   -1.21082300    0.00000000
H                 -2.49409400   -2.48321900    0.00000000
H                 -0.00938500   -3.58722900   -3.38201800
H                  0.87383400   -2.24850200   -2.63692000
H                 -0.89012200   -2.24778200   -2.63520500
H                 -0.02051200   -5.57581000   -2.14338100