C                 -5.89097900    5.53205700    1.89996700
O                 -6.18596300    4.67379000    0.81125800
C                 -5.41605800    3.55791300    0.65300400
C                 -4.35477600    3.19657000    1.49001300
C                 -3.64148800    2.02366100    1.23871600
C                 -3.95342300    1.21459000    0.14387800
N                 -3.22764300    0.01712800   -0.11116100
C                 -3.96521400   -1.17267100   -0.36807800
C                 -3.63547700   -1.99912700   -1.45407400
C                 -4.36374600   -3.15102000   -1.70879500
C                 -5.45656400   -3.49302100   -0.89867400
O                 -6.11383200   -4.63912800   -1.24107800
C                 -7.22376500   -5.02670700   -0.44954100
C                 -5.80208000   -2.66636700    0.17562900
C                 -5.04992500   -1.52066800    0.43894300
C                 -1.82761200    0.00469600   -0.08841600
C                 -1.12199200   -1.16692600    0.25243900
C                  0.26302200   -1.17508100    0.26770800
C                  0.99918300   -0.02081300   -0.04694300
C                  2.46686200   -0.03391800   -0.02504500
N                  3.11516800    1.10910300   -0.31450900
C                  4.45274500    1.04734800   -0.28353400
C                  5.20978100    2.28038200   -0.59919600
C                  6.61204700    2.27379600   -0.58358400
C                  7.32191900    3.43373900   -0.88101700
C                  6.64061700    4.61135900   -1.19683300
C                  5.24398200    4.62379400   -1.21388900
C                  4.53101700    3.46575200   -0.91700700
N                  5.15397300   -0.05791700    0.01523900
C                  4.42446900   -1.15051100    0.29245500
C                  5.14945100   -2.39692600    0.62981800
C                  4.44029100   -3.57072500    0.92332800
C                  5.12311000   -4.74154600    1.24024500
C                  6.51958000   -4.75350100    1.26777200
C                  7.23107500   -3.58750100    0.97633500
C                  6.55141200   -2.41486700    0.65880600
N                  3.08569500   -1.18818300    0.28348900
C                  0.29329000    1.14666500   -0.38312500
C                 -1.09114600    1.16354700   -0.40809100
C                 -5.01542300    1.58795800   -0.69394500
C                 -5.74373800    2.73964700   -0.43788800
H                 -6.00755400    5.01657800    2.86255900
H                 -4.87204700    5.93545600    1.83013500
H                 -6.60905200    6.35149800    1.83981100
H                 -4.08356700    3.80522000    2.34425500
H                 -2.82649900    1.73818400    1.89584200
H                 -2.79930500   -1.73141400   -2.09165000
H                 -4.11531500   -3.79749200   -2.54409000
H                 -6.93061600   -5.21056000    0.59262700
H                 -7.59717300   -5.95324300   -0.88866000
H                 -8.01785800   -4.26847000   -0.47050100
H                 -6.64068400   -2.90574200    0.81841400
H                 -5.31377700   -0.88332700    1.27658400
H                 -1.67247800   -2.06377600    0.51220500
H                  0.79951100   -2.07696900    0.53893000
H                  7.12575400    1.35210100   -0.33679700
H                  8.40810900    3.42036400   -0.86692300
H                  7.19594600    5.51601300   -1.42895800
H                  4.71079000    5.53794800   -1.45933300
H                  3.44738500    3.45859500   -0.92594300
H                  3.35722700   -3.54478500    0.89731700
H                  4.56648300   -5.64671500    1.46614100
H                  7.05135300   -5.66816700    1.51530300
H                  8.31723400   -3.59318900    0.99670800
H                  7.08876600   -1.50202600    0.43012300
H                  0.85381800    2.03844100   -0.63875500
H                 -1.61799000    2.06991000   -0.68348700
H                 -5.26610400    0.96140200   -1.54362700
H                 -6.56702500    3.03648300   -1.07936200