Br                 5.63695000    5.17058300    1.00376400
C                  4.66494400    3.55781800    0.68897700
C                  3.53363700    3.27634200    1.45270200
C                  2.83271200    2.09530000    1.22836900
C                  3.24471800    1.20173900    0.22953200
N                  2.52831200    0.00000000    0.00000000
C                  3.24471800   -1.20173900   -0.22953200
C                  4.38030900   -1.50616000    0.53403800
C                  5.09614000   -2.67667900    0.30073100
C                  4.66494400   -3.55781800   -0.68897700
Br                 5.63695000   -5.17058300   -1.00376400
C                  3.53363700   -3.27634200   -1.45270200
C                  2.83271300   -2.09529900   -1.22836900
C                  1.11714200    0.00000000    0.00000000
C                  0.40360700    1.09762600   -0.51172200
C                 -0.98302500    1.09639500   -0.50437200
C                 -1.69987400    0.00000000    0.00000000
C                 -3.17302300    0.00000000    0.00000000
N                 -3.80215800   -1.08597200    0.47831700
C                 -5.14237500   -1.03986700    0.45996200
C                 -5.88290400   -2.21092800    0.97925700
C                 -7.28548000   -2.21505400    0.98567500
C                 -7.98055700   -3.31725500    1.47487700
C                 -7.28411000   -4.42561400    1.96209700
C                 -5.88732700   -4.42721800    1.95805200
C                 -5.18891900   -3.32680600    1.46972400
N                 -5.85539800    0.00000000    0.00000000
C                 -5.14237500    1.03986700   -0.45996300
C                 -5.88290400    2.21092700   -0.97925800
C                 -7.28548000    2.21505400   -0.98567400
C                 -7.98055700    3.31725500   -1.47487700
C                 -7.28411000    4.42561400   -1.96209600
C                 -5.88732700    4.42721800   -1.95805200
C                 -5.18891900    3.32680600   -1.46972400
N                 -3.80215800    1.08597200   -0.47831700
C                 -0.98302500   -1.09639500    0.50437200
C                  0.40360700   -1.09762700    0.51172200
C                  4.38030900    1.50616000   -0.53403800
C                  5.09614000    2.67667900   -0.30073100
H                  3.21288400    3.96561700    2.22560800
H                  1.95912100    1.86200000    1.82736100
H                  4.70182300   -0.82091400    1.31094600
H                  5.97378900   -2.90987300    0.89295900
H                  3.21288500   -3.96561700   -2.22560800
H                  1.95912100   -1.86200000   -1.82736100
H                  0.94589500    1.94430900   -0.91794600
H                 -1.53345200    1.93977200   -0.90451800
H                 -7.81117700   -1.34760600    0.60428600
H                 -9.06681000   -3.31313600    1.47671300
H                 -7.82802800   -5.28531400    2.34365300
H                 -5.34295900   -5.28781600    2.33622800
H                 -4.10539200   -3.31287200    1.45972200
H                 -7.81117700    1.34760600   -0.60428600
H                 -9.06681000    3.31313600   -1.47671200
H                 -7.82802800    5.28531400   -2.34365200
H                 -5.34295900    5.28781600   -2.33622800
H                 -4.10539200    3.31287200   -1.45972200
H                 -1.53345200   -1.93977200    0.90451800
H                  0.94589500   -1.94430900    0.91794600
H                  4.70182300    0.82091400   -1.31094600
H                  5.97378900    2.90987300   -0.89295900