C                  5.75220200   -4.77855400    0.78040400
C                  6.44882100   -3.58307700    0.58973100
C                  5.75398300   -2.39274400    0.39501100
C                  4.35154800   -2.38663800    0.38925400
C                  3.61074000   -1.12173000    0.18258200
N                  4.32517000    0.00000000   -0.00000100
C                  3.61074000    1.12173000   -0.18258300
C                  4.35154800    2.38663800   -0.38925500
C                  5.75398300    2.39274400   -0.39500900
C                  6.44882200    3.58307700   -0.58972800
C                  5.75220200    4.77855400   -0.78040300
C                  4.35542100    4.77850700   -0.77549800
C                  3.65736300    3.59009700   -0.58117600
N                  2.27156000    1.17165000   -0.18885100
C                  1.63984800    0.00000000   -0.00000100
C                  0.16939800    0.00000000   -0.00000100
C                 -0.54948000   -1.18693800    0.21555800
C                 -1.93527700   -1.19052000    0.22154600
C                 -2.65255200    0.00000000    0.00000000
N                 -4.05869500    0.00000000    0.00000000
C                 -4.78165800    1.13378700    0.45987100
C                 -5.89610300    1.59357700   -0.25438600
C                 -6.61642000    2.69265900    0.20730900
C                 -6.22728900    3.35582000    1.37265600
C                 -5.11286100    2.90131800    2.08055400
C                 -4.39790700    1.79154600    1.63657700
C                 -4.78165800   -1.13378700   -0.45987100
C                 -5.89610300   -1.59357700    0.25438600
C                 -6.61642100   -2.69265900   -0.20730800
C                 -6.22729000   -3.35582000   -1.37265500
C                 -5.11286200   -2.90131800   -2.08055300
C                 -4.39790800   -1.79154600   -1.63657700
C                 -1.93527700    1.19052000   -0.22154700
C                 -0.54948000    1.18693700   -0.21555900
N                  2.27156000   -1.17165000    0.18885000
C                  3.65736300   -3.59009800    0.58117400
C                  4.35542100   -4.77850700    0.77549700
H                  6.29586900   -5.70697700    0.93228400
H                  7.53513200   -3.57966700    0.59298100
H                  6.27973100   -1.45701000    0.24568300
H                  6.27973100    1.45701000   -0.24568000
H                  7.53513200    3.57966800   -0.59297600
H                  6.29586900    5.70697700   -0.93228200
H                  3.81059200    5.70660800   -0.92345900
H                  2.57383800    3.57321600   -0.57447300
H                 -0.00003500   -2.10395000    0.39380200
H                 -2.47623400   -2.11223100    0.40367500
H                 -6.19062200    1.08268000   -1.16504100
H                 -7.47875000    3.03936200   -0.35518300
H                 -6.78691400    4.21662800    1.72605900
H                 -4.80478400    3.40326800    2.99341400
H                 -3.53998500    1.42889700    2.19292800
H                 -6.19062200   -1.08268000    1.16504200
H                 -7.47875000   -3.03936100    0.35518400
H                 -6.78691500   -4.21662700   -1.72605800
H                 -4.80478500   -3.40326800   -2.99341400
H                 -3.53998600   -1.42889700   -2.19292800
H                 -2.47623400    2.11223100   -0.40367500
H                 -0.00003500    2.10395000   -0.39380300
H                  2.57383800   -3.57321700    0.57447000
H                  3.81059200   -5.70660900    0.92345700