C                 -6.05631800    4.90728100    2.31031300
C                 -5.51908800    4.90399600    0.86247900
C                 -4.56408700    6.10180500    0.66753800
C                 -6.71075700    5.07837500   -0.09310100
C                 -4.75519600    3.59903000    0.60660600
C                 -5.11826100    2.68306600   -0.38789900
C                 -4.39654800    1.50969600   -0.60258900
C                 -3.28787500    1.20538500    0.19155900
N                 -2.56526800   -0.00175500   -0.00899000
C                 -1.16112400   -0.00430400   -0.00956100
C                 -0.44446600   -1.13180000    0.43574700
C                  0.94090700   -1.13084700    0.43128500
C                  1.66268600   -0.00815000   -0.00649600
C                  3.13213200   -0.00995900   -0.00434500
N                  3.76272400   -1.12438000    0.40695700
C                  5.10164700   -1.07790000    0.39333100
C                  5.84043700   -2.28041300    0.84092300
C                  5.14427500   -3.42361000    1.25976000
C                  5.84033400   -4.55320200    1.68042600
C                  7.23710400   -4.55400200    1.68768000
C                  7.93567500   -3.41837300    1.27163000
C                  7.24281100   -2.28698000    0.85020000
N                  5.81840200   -0.01308300   -0.00002000
C                  5.10539200    1.05339900   -0.39569900
C                  5.84840700    2.25424200   -0.84077500
C                  7.25081500    2.25758800   -0.84547000
C                  7.94764800    3.38745600   -1.26444500
C                  7.25304900    4.52475400   -1.68258100
C                  5.85626400    4.52716000   -1.67989700
C                  5.15624300    3.39910000   -1.26170000
N                  3.76664700    1.10297400   -0.41365800
C                  0.94508500    1.11620300   -0.44626300
C                 -0.44044600    1.12083300   -0.45400500
C                 -3.29310000   -1.20402900   -0.22059700
C                 -2.92728300   -2.09778100   -1.23087800
C                 -3.64992400   -3.27353100   -1.42862700
C                 -4.76861100   -3.59020500   -0.64851800
C                 -5.59237700   -4.86862900   -0.84619600
C                 -5.04658900   -5.74294300   -1.98685500
C                 -7.05114800   -4.49008300   -1.18306200
C                 -5.56616800   -5.70012300    0.45489800
C                 -5.12776800   -2.67283600    0.35295600
C                 -4.40630200   -1.50654700    0.57458300
C                 -2.91704100    2.10337800    1.20173000
C                 -3.63467600    3.27767300    1.39089300
H                 -6.60127500    5.83695500    2.51306900
H                 -6.74011700    4.06689500    2.47290600
H                 -5.24714100    4.82727600    3.04315000
H                 -4.17121200    6.12312000   -0.35492700
H                 -5.09210500    7.04501000    0.85181200
H                 -3.71171500    6.05583700    1.35277900
H                 -7.22422800    6.02065300    0.12654600
H                 -7.44083200    4.26894200    0.01702100
H                 -6.38954900    5.11157900   -1.14000200
H                 -5.97221600    2.88064700   -1.02535100
H                 -4.69502400    0.82149500   -1.38664600
H                 -0.98651600   -2.00131400    0.78970400
H                  1.48849400   -1.99768700    0.78254800
H                  4.06078500   -3.40693700    1.24806700
H                  5.29386600   -5.43480900    2.00337700
H                  7.77919100   -5.43645100    2.01640200
H                  9.02200400   -3.41556900    1.27601300
H                  7.77004500   -1.39805400    0.52440600
H                  7.77494200    1.36740800   -0.51809000
H                  9.03397500    3.38216100   -1.26527300
H                  7.79823100    5.40601300   -2.00936900
H                  5.31287600    5.41007100   -2.00447600
H                  4.07268600    3.38492400   -1.25354300
H                  1.49576600    1.98149800   -0.79650000
H                 -0.97915300    1.99155400   -0.81009000
H                 -2.07209300   -1.87198300   -1.85950200
H                 -3.33140200   -3.94042500   -2.22133400
H                 -4.01795800   -6.06651600   -1.79329700
H                 -5.06613500   -5.21569400   -2.94702200
H                 -5.66366300   -6.64210300   -2.08945200
H                 -7.65729500   -5.39305000   -1.32324700
H                 -7.09645200   -3.90040600   -2.10528900
H                 -7.51083900   -3.89888000   -0.38467600
H                 -4.54030200   -5.98436100    0.71373900
H                 -5.98273800   -5.14322700    1.30023900
H                 -6.15586500   -6.61665300    0.33401200
H                 -5.98523900   -2.87641400    0.98755500
H                 -4.70105600   -0.81974600    1.36125300
H                 -2.06369400    1.87512700    1.83192100
H                 -3.31911700    3.95180100    2.18167900