Cl                 1.71581100   -4.83695500   -6.29382700
C                  1.21244900   -3.41311100   -5.39731200
C                  0.40602200   -3.55896500   -4.26933000
C                  0.00000000   -2.42834900   -3.56718800
C                  0.41269600   -1.15149100   -3.97297700
N                  0.00000000    0.00000000   -3.25554500
C                 -0.41269600    1.15149100   -3.97297700
C                 -1.23047100    1.02526000   -5.10434300
C                 -1.62320700    2.15064400   -5.82255900
C                 -1.21244900    3.41311100   -5.39731200
Cl                -1.71581100    4.83695500   -6.29382700
C                 -0.40602200    3.55896500   -4.26933000
C                  0.00000000    2.42834900   -3.56718800
C                  0.00000000    0.00000000   -1.84481200
C                 -0.99256800    0.69381400   -1.13089900
C                 -0.98544300    0.69651300    0.25571000
C                  0.00000000    0.00000000    0.97271800
C                  0.00000000    0.00000000    2.44574500
N                  0.95522800   -0.70411300    3.07493000
C                  0.91607000   -0.67359000    4.41515500
C                  1.94859900   -1.43184400    5.15569400
C                  1.95595100   -1.43267900    6.55826800
C                  2.92799900   -2.14640400    7.25328800
C                  3.90167200   -2.86601400    6.55687000
C                  3.89920000   -2.86892200    5.16008400
C                  2.92881400   -2.15633400    4.46170000
N                  0.00000000    0.00000000    5.12821900
C                 -0.91607000    0.67359000    4.41515500
C                 -1.94859900    1.43184400    5.15569400
C                 -2.92881400    2.15633400    4.46170000
C                 -3.89920000    2.86892200    5.16008400
C                 -3.90167200    2.86601400    6.55687000
C                 -2.92799900    2.14640400    7.25328800
C                 -1.95595100    1.43267900    6.55826800
N                 -0.95522800    0.70411300    3.07493000
C                  0.98544300   -0.69651300    0.25571000
C                  0.99256800   -0.69381400   -1.13089900
C                  1.23047100   -1.02526000   -5.10434300
C                  1.62320700   -2.15064400   -5.82255900
H                  0.08579500   -4.54577900   -3.95386100
H                 -0.63856600   -2.53206800   -2.69668800
H                 -1.55599900    0.04032800   -5.42115300
H                 -2.25622100    2.05087200   -6.69732100
H                 -0.08579500    4.54577900   -3.95386100
H                  0.63856600    2.53206800   -2.69668800
H                 -1.76843900    1.22319200   -1.67282800
H                 -1.75415700    1.22625200    0.80600000
H                  1.19388000   -0.86959300    7.08404000
H                  2.92721700   -2.14222400    8.33954700
H                  4.65978600   -3.42273000    7.10076500
H                  4.65501900   -3.42771500    4.61558200
H                  2.91339300   -2.14891900    3.37818400
H                 -2.91339300    2.14891900    3.37818400
H                 -4.65501900    3.42771500    4.61558200
H                 -4.65978600    3.42273000    7.10076500
H                 -2.92721700    2.14222400    8.33954700
H                 -1.19388000    0.86959300    7.08404000
H                  1.75415700   -1.22625200    0.80600000
H                  1.76843900   -1.22319200   -1.67282800
H                  1.55599900   -0.04032800   -5.42115300
H                  2.25622100   -2.05087200   -6.69732100