C                 -6.04475000   -4.83820300   -0.00129700
C                 -4.64804600   -4.82317000   -0.00150000
C                 -3.96262400   -3.61192600   -0.00116000
C                 -4.67006700   -2.40060600   -0.00062200
C                 -3.94411000   -1.11246000   -0.00026600
N                 -4.66701400    0.01760500    0.00002700
C                 -3.96803400    1.16284900    0.00035600
C                 -4.72081900    2.43533000    0.00068300
C                 -6.12360800    2.42712200    0.00059100
C                 -6.83064000    3.62583400    0.00090000
C                 -6.14621300    4.84348100    0.00130300
C                 -4.74950200    4.85776000    0.00139500
C                 -4.03880400    3.66117600    0.00108600
N                 -2.62660600    1.22503200    0.00039100
C                 -1.98910300    0.04593800    0.00007400
C                 -0.50828100    0.06127000    0.00011400
C                  0.18766300    1.27798100    0.00054400
C                  1.57923400    1.29126900    0.00057900
C                  2.28956100    0.09031500    0.00017500
N                  3.72285400    0.13405400    0.00014600
C                  4.39082500   -0.05891000   -1.23606700
C                  3.71468200   -0.52462200   -2.37286600
C                  4.38764300   -0.69827400   -3.58212200
C                  5.75250700   -0.43960000   -3.67821900
C                  6.43720000    0.01718700   -2.55239000
C                  5.76271400    0.23406800   -1.35140100
S                  6.62247800    1.00563900    0.00046000
C                  5.76292900    0.23233200    1.35146700
C                  6.43761800    0.01394600    2.55206900
C                  5.75310600   -0.44419300    3.67745900
C                  4.38820800   -0.70265700    3.58129100
C                  3.71504000   -0.52750000    2.37236500
C                  4.39101000   -0.06047600    1.23600500
C                  1.60131600   -1.12873700   -0.00027200
C                  0.21130500   -1.14321300   -0.00029000
N                 -2.60164300   -1.14653700   -0.00025000
C                 -6.07269300   -2.42186000   -0.00042500
C                 -6.75447100   -3.63514100   -0.00075600
H                 -6.57844800   -5.78453700   -0.00155900
H                 -4.09358300   -5.75719500   -0.00192400
H                 -2.87935900   -3.58421100   -0.00130400
H                 -6.64010400    1.47451400    0.00027400
H                 -7.91675000    3.61188300    0.00082400
H                 -6.69960700    5.77843400    0.00154400
H                 -4.21469800    5.80315600    0.00170800
H                 -2.95520400    3.65623500    0.00115000
H                 -0.37637300    2.20298100    0.00085200
H                  2.13112600    2.22544500    0.00091600
H                  2.65554000   -0.74112200   -2.31713800
H                  3.83358500   -1.04942500   -4.44771800
H                  6.28119000   -0.58607500   -4.61489700
H                  7.50066000    0.23179600   -2.60240000
H                  7.50109300    0.22846300    2.60215600
H                  6.28194800   -0.59184800    4.61386200
H                  3.83427700   -1.05480800    4.44656100
H                  2.65586800   -0.74383400    2.31658100
H                  2.16588800   -2.05597800   -0.00061700
H                 -0.33495800   -2.07886800   -0.00062700
H                 -6.60899500   -1.48026300   -0.00001000
H                 -7.84063300   -3.64390700   -0.00059100