C                  6.06396000    5.13428900    0.50094800
C                  6.23312100    3.87775500    1.38251700
C                  7.65390000    3.33081200    1.16814500
C                  6.08878100    4.27092500    2.86887700
C                  5.15345700    2.84921100    1.01778900
C                  3.79102300    3.19770500    1.15930600
C                  2.75086600    2.32906100    0.84636600
C                  3.08367600    1.06210700    0.36537000
C                  4.43586900    0.67148300    0.23115800
C                  5.45892000    1.56870600    0.55397500
C                  4.43474100   -0.70084300   -0.23615200
C                  5.44896000   -1.59911900   -0.56578800
C                  5.14029600   -2.88381400   -1.02886900
C                  6.27845800   -3.85384800   -1.38066000
C                  7.14720500   -3.24056700   -2.50031500
C                  7.15103200   -4.09465000   -0.12962400
C                  5.75890800   -5.21558700   -1.87045400
C                  3.78162400   -3.23195800   -1.16096400
C                  2.74349600   -2.35691000   -0.83969000
C                  3.07866700   -1.09262200   -0.36267300
N                  2.25909300   -0.01416300    0.00418600
C                  0.84998300   -0.01123700    0.00431800
C                  0.14204100   -1.06841900    0.59380100
C                 -1.24630400   -1.06709800    0.58466600
C                 -1.95701300   -0.00664500    0.00274300
C                 -3.43335900   -0.00471400    0.00101500
N                 -4.06299400   -1.05057100    0.55858800
C                 -5.40379600   -1.00500000    0.53499700
C                 -6.14608500   -2.13256100    1.13987600
C                 -5.45382700   -3.20688000    1.71787600
C                 -6.15413000   -4.26658500    2.28681500
C                 -7.55090800   -4.26537900    2.28481300
C                 -8.24556800   -3.19831400    1.71055800
C                 -7.54873600   -2.13676800    1.14073700
N                 -6.11415800   -0.00172400   -0.00310800
C                 -5.39991000    1.00000800   -0.53893100
C                 -6.13782700    2.12907100   -1.14636400
C                 -7.54045500    2.13624000   -1.15182600
C                 -8.23317400    3.19906500   -1.72427300
C                 -7.53438500    4.26447400   -2.29659100
C                 -6.13760900    4.26273900   -2.29399800
C                 -5.44141500    3.20174400   -1.72242700
N                 -4.05894600    1.04263600   -0.55832600
C                 -1.24223300    1.05165000   -0.57809300
C                  0.14612100    1.04839900   -0.58570800
H                  6.16748800    4.88055300   -0.55979700
H                  5.08190800    5.59754200    0.63960400
H                  6.82568900    5.88266300    0.75085000
H                  8.38874300    4.09740100    1.43708400
H                  7.84796100    2.45147400    1.79220800
H                  7.82826500    3.05548600    0.12212800
H                  6.20910900    3.39452700    3.51513800
H                  6.85157400    5.00879600    3.14535300
H                  5.10806800    4.70920100    3.07935900
H                  3.53338400    4.18446700    1.53152000
H                  1.71838000    2.63007600    0.98401100
H                  6.48912700    1.25035900    0.44342200
H                  6.48457000   -1.28751700   -0.46485300
H                  7.96916300   -3.91782200   -2.76212000
H                  6.54979100   -3.06184700   -3.40107700
H                  7.58514100   -2.28493100   -2.19502300
H                  6.55669300   -4.53301700    0.67963600
H                  7.97361600   -4.78166300   -0.36241400
H                  7.58808800   -3.16314100    0.24397100
H                  5.15288600   -5.71689900   -1.10771600
H                  6.60567900   -5.86999800   -2.10448800
H                  5.15516300   -5.11681400   -2.77930800
H                  3.51378700   -4.21500300   -1.52900700
H                  1.71016000   -2.65797800   -0.97065300
H                  0.68863000   -1.87321800    1.07284100
H                 -1.80059400   -1.87800900    1.04213900
H                 -4.37029600   -3.19335100    1.71162900
H                 -5.61112800   -5.09498900    2.73271700
H                 -8.09625600   -5.09330700    2.72933000
H                 -9.33180400   -3.19461600    1.70743800
H                 -8.07315300   -1.30170800    0.69139500
H                 -8.06810200    1.30240600   -0.70399100
H                 -9.31941900    3.19764000   -1.72474900
H                 -8.07652500    5.09338400   -2.74319900
H                 -5.59140100    5.08983400   -2.73841500
H                 -4.35794000    3.18589700   -1.71268000
H                 -1.79336600    1.86420300   -1.03646800
H                  0.69574300    1.85115100   -1.06477700