C                  6.55318500   -7.27729600   -0.95888700
C                  6.39518500   -6.71344600    0.30804000
C                  5.67918800   -5.52870800    0.46466400
C                  5.10739100   -4.87960600   -0.64166700
C                  4.34778300   -3.62000500   -0.47484600
C                  4.73911800   -2.65385100    0.46625300
C                  4.02388000   -1.47401500    0.63330500
C                  2.89542500   -1.21325600   -0.15547800
N                  2.17528300    0.00000000    0.00000000
C                  2.89542500    1.21325600    0.15547800
C                  4.02388000    1.47401500   -0.63330500
C                  4.73911800    2.65385100   -0.46625200
C                  4.34778300    3.62000500    0.47484600
C                  5.10739100    4.87960600    0.64166700
C                  5.27567500    5.45781400    1.91037500
C                  5.98926800    6.64394000    2.06742500
C                  6.55318500    7.27729600    0.95888700
C                  6.39518500    6.71344600   -0.30804000
C                  5.67918800    5.52870800   -0.46466400
C                  3.21065400    3.34800200    1.25300300
C                  2.49996400    2.16263300    1.10765300
C                  0.76787400    0.00000000    0.00000000
C                  0.05158500   -1.08450700    0.53893300
C                 -1.33435700   -1.08285100    0.53223800
C                 -2.05273200    0.00000000    0.00000000
C                 -3.52372100    0.00000000    0.00000000
N                 -4.15494800    1.07371900   -0.50549200
C                 -5.49432700    1.02764200   -0.48562300
C                 -6.23502200    2.18585400   -1.03429200
C                 -5.54082900    3.28900500   -1.55223800
C                 -6.23894000    4.37711600   -2.06798900
C                 -7.63571500    4.37590000   -2.07238500
C                 -8.33232100    3.28010000   -1.55782600
C                 -7.63748400    2.19023100   -1.04115700
N                 -6.20851200    0.00000000    0.00000000
C                 -5.49432700   -1.02764200    0.48562300
C                 -6.23502200   -2.18585400    1.03429200
C                 -5.54082900   -3.28900500    1.55223800
C                 -6.23894000   -4.37711600    2.06798900
C                 -7.63571500   -4.37590000    2.07238500
C                 -8.33232100   -3.28010000    1.55782600
C                 -7.63748400   -2.19023100    1.04115700
N                 -4.15494800   -1.07371900    0.50549200
C                 -1.33435700    1.08285000   -0.53223800
C                  0.05158500    1.08450700   -0.53893400
C                  2.49996400   -2.16263300   -1.10765300
C                  3.21065400   -3.34800200   -1.25300300
C                  5.27567500   -5.45781400   -1.91037500
C                  5.98926800   -6.64394000   -2.06742500
H                  7.11044500   -8.20161600   -1.08116500
H                  6.82236900   -7.20253700    1.17916500
H                  5.53707700   -5.11303900    1.45791500
H                  5.62632300   -2.82420000    1.06853300
H                  4.34205300   -0.74036900    1.36643300
H                  4.34205300    0.74036900   -1.36643300
H                  5.62632300    2.82420000   -1.06853300
H                  4.86508000    4.95735400    2.78242700
H                  6.11326200    7.06932700    3.05950500
H                  7.11044500    8.20161700    1.08116500
H                  6.82236900    7.20253700   -1.17916500
H                  5.53707700    5.11303900   -1.45791500
H                  2.87106400    4.08246800    1.97695400
H                  1.62667200    1.97012200    1.72184400
H                  0.59316100   -1.92105300    0.96604300
H                 -1.88401100   -1.91596400    0.95449800
H                 -4.45731000    3.27471600   -1.54144700
H                 -5.69408900    5.22786500   -2.46730300
H                 -8.17939100    5.22597200   -2.47534600
H                 -9.41863000    3.27599200   -1.55969900
H                 -8.16324000    1.33256000   -0.63832800
H                 -4.45731000   -3.27471600    1.54144700
H                 -5.69408900   -5.22786500    2.46730300
H                 -8.17939100   -5.22597200    2.47534600
H                 -9.41863000   -3.27599200    1.55969900
H                 -8.16324000   -1.33256000    0.63832800
H                 -1.88401100    1.91596400   -0.95449800
H                  0.59316100    1.92105300   -0.96604300
H                  1.62667200   -1.97012200   -1.72184400
H                  2.87106400   -4.08246800   -1.97695400
H                  4.86508000   -4.95735400   -2.78242700
H                  6.11326200   -7.06932700   -3.05950500