N                 -3.51863200   -2.54344600    2.34161000
C                 -2.93984200   -1.83350800    1.62632200
C                 -2.22951200   -0.95248600    0.75403000
C                 -2.93910600    0.00003800    0.00012300
N                 -4.33795600    0.00001200    0.00013200
C                 -5.15970600    1.04892000    0.44956200
C                 -4.81443600    2.27075400    1.01948900
C                 -5.84889700    3.11902300    1.39843400
C                 -7.21204100    2.78392100    1.23533300
C                 -7.52600700    1.54190300    0.68009900
C                 -6.50829400    0.66675100    0.28717400
C                 -6.50824700   -0.66680300   -0.28710000
C                 -7.52589800   -1.54198900   -0.68011100
C                 -7.21184500   -2.78399000   -1.23533300
C                 -5.84867600   -3.11903800   -1.39833900
C                 -4.81427500   -2.27073600   -1.01930200
C                 -5.15963300   -1.04892400   -0.44938300
C                 -2.22952900    0.95257200   -0.75378300
C                 -2.93985400    1.83360800   -1.62606400
N                 -3.51856500    2.54354500   -2.34141600
C                 -0.81815700    0.97735100   -0.73941400
N                 -0.15613500    1.97086100   -1.48500800
C                 -0.13758100    3.33610100   -1.09164300
C                 -0.99843400    4.03555900   -0.25162000
C                 -0.66309600    5.34800800    0.07220900
C                  0.49924600    5.98430800   -0.41522200
C                  1.33454000    5.26240900   -1.27008700
C                  1.02749000    3.94225400   -1.60618400
C                  1.75266600    2.92670400   -2.34575300
C                  2.99702700    2.91589600   -2.98149200
C                  3.48648800    1.73312700   -3.53991300
C                  2.66069600    0.58762900   -3.51307300
C                  1.41184400    0.57747300   -2.90349000
C                  0.99564200    1.74185100   -2.26954900
C                 -0.10615600    0.00004100    0.00011100
N                  1.29566300    0.00004400    0.00006900
C                  2.11737800   -1.04918700   -0.44460500
C                  1.77709600   -2.25409500   -1.04026000
C                  2.80593000   -3.14690400   -1.33890600
C                  4.15764200   -2.85263900   -1.08425600
C                  4.47705800   -1.58629800   -0.57343500
C                  3.46955500   -0.67760100   -0.26040900
C                  3.46958000    0.67764100    0.26046800
C                  4.47711900    1.58629400    0.57350800
C                  4.15775600    2.85263500    1.08436200
C                  2.80605400    3.14695100    1.33901200
C                  1.77718900    2.25417500    1.04038100
C                  2.11741800    1.04926100    0.44470100
C                 -0.81813500   -0.97727400    0.73965000
N                 -0.15616400   -1.97081700    1.48526500
C                  0.99570400   -1.74185800    2.26970900
C                  1.41195400   -0.57753700    2.90372200
C                  2.66088900   -0.58772000    3.51313800
C                  3.48670700   -1.73320200    3.53976800
C                  2.99719900   -2.91593000    2.98129800
C                  1.75275700   -2.92670100    2.34572600
C                  1.02751500   -3.94220900    1.60616700
C                  1.33455500   -5.26233900    1.26996700
C                  0.49918000   -5.98421000    0.41515600
C                 -0.66321300   -5.34789500   -0.07213000
C                 -0.99852900   -4.03546000    0.25179500
C                 -0.13761400   -3.33604300    1.09178500
H                 -3.77840700    2.55458100    1.17310300
H                 -5.58753800    4.07710000    1.83613800
H                 -8.55805100    1.23817700    0.55018600
H                 -8.55796300   -1.23830300   -0.55027400
H                 -5.58724800   -4.07709600   -1.83604300
H                 -3.77822600   -2.55451400   -1.17286200
H                 -1.90084300    3.58806800    0.14808200
H                 -1.33157000    5.89470400    0.72957900
H                  2.24513100    5.70254000   -1.65914700
H                  3.58574700    3.82526100   -3.00222700
H                  3.01645000   -0.33764600   -3.95379400
H                  0.81398700   -0.32612800   -2.88301500
H                  0.74795600   -2.52249400   -1.24254100
H                  2.52852400   -4.10589500   -1.75746000
H                  5.51294900   -1.30792700   -0.40563100
H                  5.51299700    1.30789000    0.40568300
H                  2.52868600    4.10595800    1.75755700
H                  0.74806100    2.52260800    1.24267400
H                  0.81409200    0.32606400    2.88337600
H                  3.01668600    0.33752500    3.95388800
H                  3.58593200   -3.82528900    3.00187800
H                  2.24518600   -5.70247700    1.65892600
H                 -1.33174300   -5.89456100   -0.72946700
H                 -1.90098700   -3.58796900   -0.14779200
C                 -8.28628500   -3.78873300   -1.67443200
C                 -8.13538700   -4.07738300   -3.18387500
H                 -8.89486400   -4.79678100   -3.51282700
H                 -7.15276400   -4.49764500   -3.42084000
H                 -8.25648500   -3.15906800   -3.76885700
C                 -9.70982400   -3.26320100   -1.42754500
H                -10.44025300   -4.01198900   -1.75255500
H                 -9.90547700   -2.34304300   -1.98917200
H                 -9.88907300   -3.06340900   -0.36539700
C                 -8.11367800   -5.10164000   -0.87983800
H                 -8.87355600   -5.83281300   -1.18088100
H                 -8.21728200   -4.92091500    0.19552200
H                 -7.13045400   -5.55213000   -1.04879800
C                 -8.28655200    3.78862900    1.67433900
C                 -9.71005300    3.26303800    1.42735700
H                -10.44053500    4.01179900    1.75231000
H                 -9.90570800    2.34287700    1.98897700
H                 -9.88922100    3.06323100    0.36519800
C                 -8.13577500    4.07730800    3.18378800
H                 -8.89530600    4.79667900    3.51267400
H                 -7.15318700    4.49761400    3.42081900
H                 -8.25687700    3.15899700    3.76877600
C                 -8.11393800    5.10153000    0.87973700
H                 -8.87386500    5.83268000    1.18071400
H                 -8.21745800    4.92078500   -0.19562800
H                 -7.13074300    5.55205900    1.04876000
C                  4.90090300    1.62021100   -4.12295000
C                  4.84026500    1.09909600   -5.57400000
H                  4.26717400    1.78332200   -6.20937700
H                  4.37027200    0.11260400   -5.63454600
H                  5.85127900    1.01153300   -5.98926600
C                  5.70675100    0.63134800   -3.25047800
H                  5.24298500   -0.35898300   -3.22580500
H                  5.76211100    0.99288700   -2.21775200
H                  6.72779700    0.52162500   -3.63617200
C                  5.63859500    2.96890700   -4.12676500
H                  5.11036500    3.71754600   -4.72784400
H                  6.63804500    2.84121100   -4.55659900
H                  5.76238600    3.36545500   -3.11327100
C                  0.81090800    7.42141600    0.02405800
C                  2.10758200    7.95450100   -0.60715300
H                  2.04951800    7.96902500   -1.70097800
H                  2.97781200    7.35486700   -0.31715300
H                  2.28658700    8.98094200   -0.26951100
C                 -0.34691200    8.35331900   -0.39370500
H                 -0.48044000    8.34249600   -1.48083500
H                 -0.13836600    9.38408200   -0.08328500
H                 -1.29549000    8.05251100    0.06202300
C                  0.97391200    7.45851500    1.55953000
H                  0.06729100    7.12134100    2.07189700
H                  1.19029100    8.47904900    1.89721800
H                  1.79958300    6.81208900    1.87830600
C                  5.27647000   -3.87699000   -1.31444900
C                  6.31325600   -3.31074600   -2.30739400
H                  5.84747700   -3.10193500   -3.27701300
H                  7.12610400   -4.02946400   -2.46611100
H                  6.75730700   -2.37875800   -1.94368900
C                  4.74477100   -5.20636300   -1.87505300
H                  4.25800000   -5.07199900   -2.84742800
H                  4.02419500   -5.67097100   -1.19276300
H                  5.57420500   -5.90840600   -2.01263100
C                  5.96234200   -4.16962400    0.03895800
H                  5.23570800   -4.56177600    0.75958400
H                  6.40389500   -3.26574200    0.47082500
H                  6.76137100   -4.91065500   -0.08394500
C                  5.27662600    3.87693600    1.31457200
C                  4.74495800    5.20635600    1.87509500
H                  4.25814300    5.07206400    2.84745900
H                  4.02442800    5.67095600    1.19275300
H                  5.57441400    5.90837300    2.01267400
C                  6.31332400    3.31067000    2.30759600
H                  5.84747300    3.10190100    3.27719000
H                  7.12618900    4.02935900    2.46635000
H                  6.75736300    2.37865600    1.94394300
C                  5.96259000    4.16949000   -0.03880700
H                  5.23601900    4.56168300   -0.75947400
H                  6.40409800    3.26556700   -0.47063500
H                  6.76166800    4.91046200    0.08412400
C                  0.81080900   -7.42129900   -0.02421300
C                  0.97382500   -7.45829500   -1.55968000
H                  0.06721800   -7.12106700   -2.07203900
H                  1.19019300   -8.47880900   -1.89744100
H                  1.79951100   -6.81185900   -1.87840400
C                 -0.34704300   -8.35320300    0.39348200
H                 -1.29560700   -8.05233900   -0.06223400
H                 -0.48057200   -8.34244500    1.48061200
H                 -0.13852200   -9.38395100    0.08299600
C                  2.10745900   -7.95446700    0.60697800
H                  2.04936800   -7.96911800    1.70080000
H                  2.97770200   -7.35480900    0.31706900
H                  2.28646400   -8.98087100    0.26922300
C                  4.90120900   -1.62030500    4.12259600
C                  4.84076600   -1.09964700    5.57381500
H                  4.26784300   -1.78412100    6.20907700
H                  4.37069800   -0.11321500    5.63474700
H                  5.85184200   -1.01212300    5.98893500
C                  5.70677400   -0.63106500    3.25029100
H                  5.24286200    0.35920700    3.22599800
H                  5.76200900   -0.99228400    2.21744500
H                  6.72786900   -0.52131700    3.63584800
C                  5.63907600   -2.96890900    4.12585900
H                  5.11101000   -3.71783000    4.72673000
H                  6.63855500   -2.84123100    4.55563100
H                  5.76281800   -3.36508400    3.11221300