C                  5.82802300    4.76281200   -0.86670700
C                  4.43124500    4.76308000   -0.86371600
C                  3.73295900    3.57866500   -0.64786800
C                  4.42729200    2.37909400   -0.43229900
C                  3.68726600    1.11915200   -0.20289100
N                  4.39920800   -0.00000600   -0.00001900
C                  3.68726400   -1.11916600    0.20283900
C                  4.42728700   -2.37910100    0.43228700
C                  3.73295200   -3.57867500    0.64783900
C                  4.43123500   -4.76308500    0.86372100
C                  5.82801400   -4.76281000    0.86676500
C                  6.52473400   -3.57129700    0.65263400
C                  5.82996500   -2.38487500    0.43636100
N                  2.34609200   -1.16749600    0.21005900
C                  1.71916900   -0.00000700   -0.00003700
C                  0.24202000   -0.00000400   -0.00002800
C                 -0.47003400   -1.18551900    0.23517200
C                 -1.85868100   -1.18684600    0.24394400
C                 -2.56331300    0.00000100   -0.00001300
N                 -3.97447700    0.00000400   -0.00000500
C                 -4.79328200   -0.89743800   -0.69996900
C                 -4.43992700   -1.93388500   -1.56571500
C                 -5.47032600   -2.66190200   -2.15747600
C                 -6.81918600   -2.36391300   -1.90230500
C                 -7.16455700   -1.31683000   -1.05280300
C                 -6.14983300   -0.57027400   -0.44647700
C                 -6.14982500    0.57028200    0.44650700
C                 -7.16453800    1.31683900    1.05285000
C                 -6.81915100    2.36392200    1.90234600
C                 -5.47028700    2.66191100    2.15749200
C                 -4.43989800    1.93389400    1.56571200
C                 -4.79327000    0.89744700    0.69997300
C                 -1.85867900    1.18684600   -0.24397600
C                 -0.47003200    1.18551400   -0.23521900
N                  2.34609400    1.16748400   -0.21011800
C                  5.82997000    2.38487500   -0.43632000
C                  6.52474100    3.57130100   -0.65255800
H                  6.37179600    5.68817000   -1.03540800
H                  3.88669700    5.68813000   -1.03000600
H                  2.64946100    3.56280000   -0.64255400
H                  2.64945400   -3.56281500    0.64248400
H                  3.88668600   -5.68813700    1.02999500
H                  6.37178500   -5.68816400    1.03549300
H                  7.61096100   -3.56802500    0.65444700
H                  6.35604800   -1.45246600    0.26877100
H                  0.08297400   -2.09743200    0.42655200
H                 -2.40753700   -2.09759700    0.45725300
H                 -3.40157300   -2.16075600   -1.77958900
H                 -5.22086900   -3.47479200   -2.83333000
H                 -7.59761700   -2.95273500   -2.37809200
H                 -8.20756500   -1.07664200   -0.86614600
H                 -8.20754900    1.07665100    0.86621200
H                 -7.59757400    2.95274500    2.37814600
H                 -5.22081700    3.47480200    2.83334100
H                 -3.40154000    2.16076600    1.77956700
H                 -2.40753500    2.09759900   -0.45727900
H                  0.08297700    2.09742500   -0.42660400
H                  6.35605100    1.45246600   -0.26871900
H                  7.61096800    3.56803500   -0.65432900