O                 -0.00001900   -3.81167300    0.00000300
C                 -0.00001300   -2.58448800   -0.00010100
C                  1.29402500   -1.83804400   -0.03206800
C                  1.46216600   -0.56833100    0.53989200
C                  2.70851400    0.04950700    0.54276300
C                  3.80601900   -0.58318500   -0.05424800
N                  5.06496200    0.05123400   -0.07290200
C                  5.31031300    1.37216300   -0.47593800
C                  4.42565100    2.32852800   -0.97693100
C                  4.94845500    3.57048800   -1.33260600
C                  6.31776200    3.85410200   -1.20115900
C                  7.19751600    2.88933800   -0.71870300
C                  6.69857200    1.63499000   -0.35534100
C                  7.31673800    0.42411700    0.14499900
C                  8.63093300    0.08331100    0.47863900
C                  8.89487600   -1.19096900    0.97236200
C                  7.85556100   -2.11993700    1.14493900
C                  6.53735200   -1.80561000    0.81985300
C                  6.28296000   -0.53281000    0.30647200
C                  3.64700000   -1.85373000   -0.62821800
C                  2.40869100   -2.47839000   -0.59519300
C                 -1.29403200   -1.83802100    0.03180200
C                 -2.40870900   -2.47828700    0.59499700
C                 -3.64700700   -1.85360500    0.62797200
C                 -3.80601000   -0.58311000    0.05388300
N                 -5.06491600    0.05137300    0.07249800
C                 -5.31021200    1.37227500    0.47568900
C                 -4.42544700    2.32867600    0.97642400
C                 -4.94821100    3.57059500    1.33230800
C                 -6.31757400    3.85413600    1.20130600
C                 -7.19742600    2.88933500    0.71910400
C                 -6.69852400    1.63502500    0.35555300
C                 -7.31679100    0.42413000   -0.14461100
C                 -8.63107500    0.08327100   -0.47784300
C                 -8.89511300   -1.19100900   -0.97151600
C                 -7.85580600   -2.11991800   -1.14445600
C                 -6.53750800   -1.80553000   -0.81979300
C                 -6.28301500   -0.53273500   -0.30644600
C                 -2.70849300    0.04949800   -0.54320100
C                 -1.46215700   -0.56835900   -0.54028100
H                  0.62556000   -0.07727900    1.02487000
H                  2.84543300    1.01119200    1.02489100
H                  3.36978600    2.11298900   -1.09570200
H                  4.27964200    4.33211200   -1.72297700
H                  6.69223200    4.83292500   -1.48508600
H                  8.25898700    3.10320000   -0.63028700
H                  9.43198000    0.80736200    0.35880700
H                  9.91141100   -1.46920600    1.23346400
H                  8.07939900   -3.10502100    1.54386000
H                  5.73943400   -2.52367900    0.97158600
H                  4.49493000   -2.33171300   -1.10640800
H                  2.27542900   -3.46778800   -1.01932600
H                 -2.27546300   -3.46764500    1.01922900
H                 -4.49493500   -2.33153500    1.10621600
H                 -3.36953200    2.11320100    1.09486200
H                 -4.27931500    4.33224200    1.72249200
H                 -6.69200800    4.83293100    1.48538000
H                 -8.25893800    3.10313500    0.63103100
H                 -9.43211800    0.80728100   -0.35773800
H                 -9.91171800   -1.46929000   -1.23229800
H                 -8.07972200   -3.10500200   -1.54333400
H                 -5.73960300   -2.52355400   -0.97181000
H                 -2.84540200    1.01113100   -1.02543600
H                 -0.62554800   -0.07736900   -1.02531600