N                  1.80517000   -0.99931300    6.00501200
C                  1.26362900   -0.70021000    5.02070900
C                  0.62045800   -0.33976000    3.79568500
C                  1.21156100   -0.68401000    2.57819300
C                  0.61173200   -0.36108100    1.35801200
N                  1.24569700   -0.75441900    0.16909400
C                  2.52713300   -0.32683100   -0.23313800
C                  3.48741500    0.38535400    0.48226400
C                  4.66293700    0.73310000   -0.18432200
C                  4.87087300    0.38351100   -1.52730200
C                  3.89903900   -0.31830300   -2.23715500
C                  2.71258200   -0.67625400   -1.59297300
C                  1.50394900   -1.34797600   -2.03105700
C                  1.10001300   -1.90776800   -3.24576700
C                 -0.15779300   -2.49977600   -3.33057700
C                 -0.99857100   -2.56282700   -2.20818800
C                 -0.61173200   -2.02273700   -0.98358400
C                  0.62614000   -1.38961600   -0.92248800
C                 -0.61173200    0.36108100    1.35801200
N                 -1.24569700    0.75441900    0.16909400
C                 -0.62614000    1.38961600   -0.92248800
C                  0.61173200    2.02273700   -0.98358400
C                  0.99857100    2.56282700   -2.20818800
C                  0.15779300    2.49977600   -3.33057700
C                 -1.10001300    1.90776800   -3.24576700
C                 -1.50394900    1.34797600   -2.03105700
C                 -2.71258200    0.67625400   -1.59297300
C                 -3.89903900    0.31830300   -2.23715500
C                 -4.87087300   -0.38351100   -1.52730200
C                 -4.66293700   -0.73310000   -0.18432200
C                 -3.48741500   -0.38535400    0.48226400
C                 -2.52713300    0.32683100   -0.23313800
C                 -1.21156100    0.68401000    2.57819300
C                 -0.62045800    0.33976000    3.79568500
C                 -1.26362900    0.70021000    5.02070900
N                 -1.80517000    0.99931300    6.00501200
H                  2.13712500   -1.24745700    2.57241800
H                  3.33057500    0.67219600    1.51661400
H                  5.42941400    1.28517500    0.35124800
H                  5.79751200    0.66655100   -2.01708300
H                  4.05436900   -0.57550000   -3.28095900
H                  1.75778700   -1.87870600   -4.10958000
H                 -0.48853100   -2.92866900   -4.27157200
H                 -1.97154300   -3.03732400   -2.28954600
H                 -1.26255200   -2.08548900   -0.12015400
H                  1.26255200    2.08548900   -0.12015400
H                  1.97154300    3.03732400   -2.28954600
H                  0.48853100    2.92866900   -4.27157200
H                 -1.75778700    1.87870600   -4.10958000
H                 -4.05436900    0.57550000   -3.28095900
H                 -5.79751200   -0.66655100   -2.01708300
H                 -5.42941400   -1.28517500    0.35124800
H                 -3.33057500   -0.67219600    1.51661400
H                 -2.13712500    1.24745700    2.57241800