C                 -7.83496900   -3.34147700   -2.38949300
C                 -6.75886600   -2.47480800   -1.78047700
C                 -5.40018900   -2.77371300   -2.01120100
C                 -4.37011300   -2.01723600   -1.46136200
C                 -4.72266600   -0.93948600   -0.65351600
C                 -6.07300300   -0.59858600   -0.41599700
C                 -7.08572500   -1.37700200   -0.98445800
C                 -6.07394100    0.58873200    0.41842000
C                 -7.08788900    1.36524900    0.98729300
C                 -6.76276400    2.46363500    1.78322100
C                 -7.84024100    3.32828400    2.39268000
C                 -5.40455600    2.76505500    2.01343100
C                 -4.37328900    2.01051000    1.46317200
C                 -4.72414500    0.93213100    0.65542600
N                 -3.90215400   -0.00290300    0.00077400
C                 -2.50314700   -0.00165600    0.00048400
C                 -1.79360400    1.08542300   -0.54081100
C                 -2.50499100    2.11947900   -1.22320400
N                 -3.08532100    2.95232400   -1.78905800
C                 -0.38121600    1.10704800   -0.51857000
N                  0.28346000    2.22236000   -1.04639500
C                  0.23653600    3.51645000   -0.47658700
C                 -0.60808400    4.02805700    0.50459800
C                 -0.38045500    5.33156700    0.93951000
C                  0.66164600    6.12603200    0.42260800
C                  0.84809000    7.54218900    0.91201400
C                  1.50133900    5.58693100   -0.55304300
C                  1.29913900    4.28162400   -1.00691000
C                  2.01429500    3.43471300   -1.94306000
C                  3.13230600    3.63309300   -2.75788800
C                  3.59438400    2.59649400   -3.56929700
C                  4.82297000    2.77031100   -4.42911900
C                  2.89718200    1.37113900   -3.57964600
C                  1.77337400    1.15224400   -2.79060300
C                  1.36461400    2.18233100   -1.94980900
C                  0.33341800    0.00062400   -0.00035300
N                  1.73558000    0.00178800   -0.00100600
C                  2.55829100   -0.94171000   -0.64130400
C                  2.21162700   -2.01801100   -1.45256600
C                  3.24244400   -2.79011800   -1.97917500
C                  4.59939900   -2.49999500   -1.73269400
C                  5.67753400   -3.38837900   -2.30557400
C                  4.92310500   -1.39003900   -0.95128900
C                  3.90869700   -0.60103100   -0.40269300
C                  3.90825300    0.60299800    0.40542200
C                  4.92210400    1.39075200    0.95683300
C                  4.59762000    2.50069300    1.73793100
C                  5.67526300    3.38750600    2.31416700
C                  3.24033800    2.79224500    1.98092200
C                  2.21001600    2.02141200    1.45145900
C                  2.55757800    0.94480700    0.64098000
C                 -0.37914100   -1.10690000    0.51850000
N                  0.28749000   -2.22111800    1.04628000
C                  0.24338200   -3.51504600    0.47575300
C                 -0.60102800   -4.02833300   -0.50472000
C                 -0.37028100   -5.33089700   -0.94083200
C                  0.67466200   -6.12281300   -0.42574900
C                  0.86450700   -7.53808000   -0.91642400
C                  1.51397500   -5.58208100    0.54932600
C                  1.30868600   -4.27766300    1.00433700
C                  2.02276300   -3.42936900    1.94005900
C                  3.14260600   -3.62499500    2.75301800
C                  3.60298600   -2.58749400    3.56426000
C                  4.83362000   -2.75811000    4.42178400
C                  2.90217400   -1.36422900    3.57657400
C                  1.77650500   -1.14814100    2.78941100
C                  1.36960500   -2.17881500    1.94846000
C                 -1.79153200   -1.08753800    0.54147100
C                 -2.50086800   -2.12280500    1.22417000
N                 -3.07959900   -2.95667500    1.79015300
H                 -7.69708600   -3.45201500   -3.47178100
H                 -7.82708000   -4.35061000   -1.95837100
H                 -8.82939000   -2.91713600   -2.22056100
H                 -5.14901600   -3.62389500   -2.64020000
H                 -3.33206300   -2.25731700   -1.66633600
H                 -8.12856500   -1.12459600   -0.81079700
H                 -8.13032400    1.11090400    0.81403600
H                 -7.70210600    3.43910000    3.47490700
H                 -7.83443800    4.33742300    1.96153900
H                 -8.83393200    2.90206600    2.22417800
H                 -5.15472000    3.61569100    2.64234800
H                 -3.33561300    2.25253900    1.66773300
H                 -1.41988400    3.44392800    0.92246500
H                 -1.03378000    5.75046600    1.70050300
H                  0.80844900    7.59759300    2.00613700
H                  1.81078800    7.95069400    0.58924800
H                  0.06242000    8.20487000    0.52693000
H                  2.32093600    6.17957200   -0.95124900
H                  3.64506100    4.59142200   -2.75651700
H                  5.19986200    3.79660900   -4.38192000
H                  4.61477800    2.53730000   -5.48033000
H                  5.63179100    2.10301200   -4.10541900
H                  3.24994900    0.56768300   -4.22071000
H                  1.25120600    0.20391000   -2.82382600
H                  1.17882300   -2.26266300   -1.66718200
H                  2.98855700   -3.64808500   -2.59609900
H                  6.66946400   -2.94414600   -2.17650300
H                  5.68848100   -4.37036500   -1.81516000
H                  5.52568700   -3.56624500   -3.37682200
H                  5.96536700   -1.13879000   -0.77147000
H                  5.96454700    1.13843500    0.77956900
H                  6.66707100    2.94249400    2.18686000
H                  5.52116800    3.56435500    3.38526700
H                  5.68822500    4.37000900    1.82485000
H                  2.98579000    3.65027000    2.59750200
H                  1.17697100    2.26704200    1.66372200
H                 -1.41497600   -3.44619300   -0.92117500
H                 -1.02335600   -5.75109400   -1.70132500
H                  1.82873600   -7.94410800   -0.59510500
H                  0.82372100   -7.59278700   -2.01054000
H                  0.08116800   -8.20326200   -0.53090500
H                  2.33570000   -6.17271000    0.94613700
H                  3.65818200   -4.58180600    2.75023600
H                  5.63974100   -2.08802700    4.09709900
H                  5.21364800   -3.78318500    4.37315900
H                  4.62659200   -2.52650800    5.47353700
H                  3.25363400   -0.56012100    4.21753100
H                  1.25161600   -0.20135200    2.82397300