O                  0.00008600   -0.00056100   -4.38098800
C                  0.00006600   -0.00035400   -3.15123000
C                 -1.28801200   -0.11077300   -2.40659000
C                 -1.39929300   -0.68849700   -1.13259700
C                 -2.63463500   -0.81966800   -0.51042400
C                 -3.80349800   -0.37612800   -1.15127600
N                 -5.05811900   -0.50070100   -0.52321200
C                 -6.06456800    0.47907300   -0.72573600
C                 -5.74664000    1.84411500   -0.71870200
C                 -6.73871000    2.79653000   -0.91906000
C                 -8.08012400    2.42733600   -1.11051600
C                 -9.13453500    3.44649100   -1.31284400
C                -10.20237500    3.21381300   -2.19478800
C                -11.19561700    4.17202800   -2.38468100
C                -11.14168900    5.38620800   -1.69849200
C                -10.08552600    5.63187700   -0.81976600
C                 -9.09411300    4.67206900   -0.62831800
C                 -8.38545800    1.05658400   -1.10244200
C                 -7.39789000    0.09541500   -0.92306200
C                 -5.33231900   -1.60656200    0.32312200
C                 -4.94761200   -2.90266600   -0.04643500
C                 -5.21972100   -3.97978300    0.78851800
C                 -5.90052200   -3.80945900    2.00515600
C                 -6.19747300   -4.96207500    2.88535600
C                 -6.53652100   -6.21341900    2.34546500
C                 -6.81479700   -7.29860700    3.17354100
C                 -6.76293100   -7.15590300    4.56096600
C                 -6.42871200   -5.91778300    5.11173600
C                 -6.14785300   -4.83376800    4.28298200
C                 -6.29071900   -2.50684300    2.35605600
C                 -6.00587600   -1.42022100    1.53768500
C                 -3.70027700    0.18707400   -2.43720700
C                 -2.46397600    0.30670800   -3.05071500
C                  1.28810300    0.11031400   -2.40657100
C                  1.39932500    0.68831300   -1.13269500
C                  2.63463700    0.81963500   -0.51050100
C                  3.80353500    0.37599300   -1.15122400
N                  5.05812200    0.50066800   -0.52313000
C                  5.33226600    1.60658400    0.32315400
C                  4.94753700    2.90266000   -0.04648200
C                  5.21960200    3.97982600    0.78842300
C                  5.90038000    3.80958100    2.00508300
C                  6.19728900    4.96225600    2.88522800
C                  6.53650700    6.21352400    2.34527500
C                  6.81474800    7.29876400    3.17329400
C                  6.76267900    7.15618600    4.56072600
C                  6.42828900    5.91813500    5.11155700
C                  6.14746300    4.83407200    4.28285700
C                  6.29059800    2.50699600    2.35606200
C                  6.00580000    1.42032200    1.53774200
C                  6.06461600   -0.47906800   -0.72561100
C                  5.74670300   -1.84411200   -0.71866100
C                  6.73880300   -2.79650000   -0.91900400
C                  8.08022000   -2.42726900   -1.11036600
C                  9.13466400   -3.44639800   -1.31267900
C                 10.20251100   -3.21368600   -2.19460300
C                 11.19578300   -4.17187300   -2.38448300
C                 11.14187500   -5.38605800   -1.69830000
C                 10.08570400   -5.63175800   -0.81959200
C                  9.09426100   -4.67197800   -0.62815900
C                  8.38553000   -1.05651200   -1.10222900
C                  7.39793400   -0.09536800   -0.92287000
C                  3.70037800   -0.18749800   -2.43703100
C                  2.46410300   -0.30729200   -3.05055700
H                 -0.51306100   -1.05401400   -0.62518000
H                 -2.70275100   -1.26785200    0.47446200
H                 -4.71701700    2.15119100   -0.56856500
H                 -6.46640000    3.84741300   -0.93848000
H                -10.23729300    2.28410600   -2.75507800
H                -12.00834500    3.97369800   -3.07799300
H                -11.91531000    6.13402000   -1.84733000
H                -10.03799800    6.57014300   -0.27390300
H                 -8.29181600    4.86080600    0.07896800
H                 -9.41620500    0.73876500   -1.22671800
H                 -7.65428900   -0.95870500   -0.92174400
H                 -4.42473800   -3.05658700   -0.98449700
H                 -4.88870500   -4.97175600    0.49642500
H                 -6.60767700   -6.32680700    1.26769800
H                 -7.08237700   -8.25551500    2.73391000
H                 -6.98094000   -8.00157300    5.20686000
H                 -6.37683400   -5.79746500    6.19034800
H                 -5.86073400   -3.88207500    4.72046000
H                 -6.83792600   -2.34423700    3.27965300
H                 -6.31547600   -0.42142300    1.82673100
H                 -4.59844900    0.51661400   -2.94763800
H                 -2.38400900    0.71428700   -4.05291600
H                  0.51306600    1.05393400   -0.62539800
H                  2.70271100    1.26801800    0.47429600
H                  4.42469100    3.05651100   -0.98457100
H                  4.88856700    4.97177600    0.49626700
H                  6.60782300    6.32681600    1.26750800
H                  7.08244700    8.25562200    2.73362600
H                  6.98066200    8.00189500    5.20657800
H                  6.37627000    5.79792000    6.19017300
H                  5.86021200    3.88243900    4.72038000
H                  6.83778500    2.34444500    3.27968100
H                  6.31540000    0.42154100    1.82684500
H                  4.71707200   -2.15120100   -0.56860600
H                  6.46651700   -3.84738900   -0.93848600
H                 10.23741200   -2.28397500   -2.75488900
H                 12.00851900   -3.97352000   -3.07777900
H                 11.91552000   -6.13384800   -1.84712700
H                 10.03819400   -6.57002900   -0.27373600
H                  8.29195700   -4.86074100    0.07911200
H                  9.41627900   -0.73867400   -1.22644100
H                  7.65430200    0.95875900   -0.92150700
H                  4.59858000   -0.51714200   -2.94734200
H                  2.38417000   -0.71509500   -4.05267000