C                 -6.24981400   -0.21666100   -0.37625600
N                 -5.06290700   -0.97284200   -0.01862000
C                 -5.22825300   -2.23886600    0.67137000
C                 -3.83329500   -0.34076600    0.00400800
C                 -3.67269400    0.97159900   -0.50430200
C                 -2.43347300    1.58819000   -0.49739600
C                 -1.28831300    0.93841200   -0.01078900
C                 -0.00211500    1.68854500    0.00479800
O                 -0.00918800    2.92037100    0.03187700
C                  1.29191000    0.95293800   -0.01289900
C                  1.46495900   -0.31538500   -0.58678300
C                  2.70953100   -0.92903500   -0.62974600
C                  3.85137400   -0.29368600   -0.08926800
N                  5.09303800   -0.89648300   -0.12860800
C                  5.21232700   -2.26722100   -0.58874800
C                  6.21858000   -0.27352300    0.54308800
C                  3.67560000    0.98966700    0.48438800
C                  2.43038000    1.59370800    0.50101300
C                 -1.44990500   -0.35096400    0.51720100
C                 -2.68882400   -0.97756000    0.53660500
H                 -7.11611600   -0.87981300   -0.35035900
H                 -6.16819500    0.18448100   -1.39319200
H                 -6.43722500    0.62516800    0.30799000
H                 -6.24721800   -2.59850100    0.51857900
H                 -4.54431700   -2.99547000    0.26933900
H                 -5.04807200   -2.15838700    1.75482700
H                 -4.52372500    1.51246800   -0.89927300
H                 -2.32580400    2.60126800   -0.87113100
H                  0.61781500   -0.82362500   -1.03515500
H                  2.79433800   -1.90336500   -1.09480800
H                  4.62225700   -2.96642200    0.02302100
H                  6.25919800   -2.57101500   -0.54166600
H                  4.88152200   -2.36728500   -1.63022300
H                  6.05458500   -0.16745100    1.62623100
H                  6.42280800    0.72297900    0.13257800
H                  7.10914300   -0.88516600    0.39030700
H                  4.51908500    1.51601600    0.91384600
H                  2.31102500    2.58653200    0.92251800
H                 -0.60000600   -0.86360500    0.95538500
H                 -2.76635800   -1.96284500    0.97906600