O                 -0.22791200   -3.48039600   -2.39575200
C                 -0.16176100   -2.46900400   -1.70050100
C                  1.16954500   -1.91043700   -1.32188000
C                  2.27005300   -2.78229100   -1.29802600
C                  3.54333700   -2.32220200   -1.00317800
C                  3.75949300   -0.95800400   -0.73571500
N                  5.05417000   -0.48422900   -0.43602500
C                  5.95328500   -1.28056100    0.31777400
C                  5.50535400   -1.99192200    1.43977400
C                  6.38742200   -2.77467100    2.17864300
C                  7.72961800   -2.83118500    1.80775400
Br                 8.94515200   -3.89221300    2.82770200
C                  8.19553900   -2.12207500    0.70227700
C                  7.30528300   -1.35646900   -0.04479100
C                  5.46915400    0.79728300   -0.88009100
C                  6.18619000    1.64487600   -0.02444600
C                  6.60963500    2.89664500   -0.46146000
C                  6.29928600    3.31177000   -1.75499100
Br                 6.86637500    5.03340800   -2.35374400
C                  5.58089700    2.48575100   -2.61766500
C                  5.17676200    1.22736600   -2.18203600
C                  2.66884300   -0.07508900   -0.78101700
C                  1.39502800   -0.54833400   -1.07232300
C                 -1.41266100   -1.80183400   -1.23666900
C                 -2.58129100   -1.98876200   -1.99254300
C                 -3.78606600   -1.42733900   -1.60134800
C                 -3.86790300   -0.68720500   -0.40754800
N                 -5.09277200   -0.12126500    0.00237800
C                 -5.11575200    1.12344100    0.68144600
C                 -4.30946300    2.18515500    0.24738500
C                 -4.32934300    3.40623200    0.91449600
C                 -5.17464200    3.57534100    2.00971500
Br                -5.21388100    5.25319000    2.91913300
C                 -5.99200500    2.53549200    2.44841900
C                 -5.95400200    1.31024000    1.78926400
C                 -6.31532700   -0.79610600   -0.24691400
C                 -7.43935300   -0.08225000   -0.68482400
C                 -8.64658400   -0.73581800   -0.91339900
C                 -8.72682200   -2.11377200   -0.72128900
Br               -10.37750800   -3.01560800   -1.04567600
C                 -7.61752400   -2.84155700   -0.29458600
C                 -6.41806800   -2.18002900   -0.04844700
C                 -2.71184700   -0.52620000    0.37315300
C                 -1.50213200   -1.06671200   -0.04461200
H                  2.10295000   -3.82816900   -1.53250800
H                  4.38305500   -3.00828200   -0.98765100
H                  4.46206400   -1.93155600    1.73015500
H                  6.03836000   -3.32430800    3.04548900
H                  9.24053200   -2.17940200    0.41934800
H                  7.65726900   -0.81169300   -0.91417000
H                  6.41299900    1.31844800    0.98480000
H                  7.16387700    3.55061400    0.20224500
H                  5.35385000    2.81621200   -3.62495100
H                  4.62955200    0.57236800   -2.85143300
H                  2.82636000    0.98035600   -0.58879000
H                  0.57039000    0.15453300   -1.11937400
H                 -2.51607100   -2.57361800   -2.90387900
H                 -4.67302500   -1.55508400   -2.21207700
H                 -3.66540800    2.04932000   -0.61471000
H                 -3.70536400    4.22597000    0.57669200
H                 -6.64087400    2.67713600    3.30530800
H                 -6.57804400    0.49175000    2.13152000
H                 -7.36462000    0.98814100   -0.84377500
H                 -9.51460100   -0.18165100   -1.25220100
H                 -7.69437200   -3.91202900   -0.14127800
H                 -5.55384300   -2.73712100    0.29681600
H                 -2.77145800    0.01551100    1.31061900
H                 -0.62792800   -0.95156000    0.58704600