C                 -7.27991300   -0.03951000    0.33128600
C                 -6.17358200   -0.94003300   -0.24245700
C                 -5.97739600   -2.13088000    0.72025100
C                 -6.64331900   -1.46653200   -1.61603400
C                 -4.84210600   -0.19371500   -0.41577300
C                 -4.69630700    1.16993100   -0.10093400
C                 -3.49154100    1.85764900   -0.26879500
C                 -2.40535000    1.15244900   -0.77043900
C                 -2.50778100   -0.22439100   -1.08239200
C                 -3.72347300   -0.88127000   -0.90787400
C                 -1.18813600   -0.66748800   -1.49792300
C                 -0.66336300   -1.90322100   -1.86897400
C                  0.69350100   -2.02731700   -2.19843400
C                  1.27185400   -3.41518600   -2.50808100
C                  1.14499400   -4.29427400   -1.24423600
C                  2.75719400   -3.35485000   -2.89943500
C                  0.49189400   -4.06626400   -3.66942900
C                  1.48804700   -0.86591700   -2.20297400
C                  0.98724500    0.38591000   -1.84761800
C                 -0.33874700    0.46095300   -1.44691000
N                 -1.07268400    1.56834200   -0.98237100
C                 -0.51807900    2.75162700   -0.46932500
C                 -1.04469200    3.97467000   -0.89350300
C                 -0.52398900    5.19074700   -0.44580300
C                 -1.08812900    6.41723600   -0.91645200
N                 -1.56443200    7.40265000   -1.30868800
C                  0.57308800    5.18707600    0.44734600
C                  1.14491900    6.40972000    0.91863900
N                  1.62731700    7.39196800    1.31138000
C                  1.08619200    3.96739200    0.89411900
C                  0.55165200    2.74805600    0.46948400
N                  1.09992200    1.56131600    0.98194600
C                  2.42980300    1.13845200    0.76707300
C                  3.51787300    1.83384400    0.25530900
C                  4.71589600    1.13623000    0.08055100
C                  4.85288500   -0.22823100    0.39728500
C                  6.17359500   -0.98941100    0.20830600
C                  6.64621800   -1.53681900    1.57263000
C                  7.28800500   -0.09789300   -0.36374300
C                  5.95324800   -2.16628900   -0.76637700
C                  3.73384400   -0.90476400    0.90206400
C                  2.52537900   -0.23728800    1.08619000
C                  1.20686800   -0.67000300    1.51099100
C                  0.68366900   -1.90715700    1.89501000
C                 -0.67022700   -2.02665400    2.21687200
C                 -1.32460000   -3.37598200    2.54035600
C                 -2.35148300   -3.69488000    1.43138000
C                 -2.04531500   -3.30556800    3.90323200
C                 -0.30214800   -4.52247300    2.59862600
C                 -1.46698900   -0.86085500    2.20349400
C                 -0.96881400    0.38649100    1.84553200
C                  0.36267000    0.45813500    1.45069000
H                 -7.01518600    0.34858600    1.32115400
H                 -8.20485900   -0.61629500    0.43784600
H                 -7.49397000    0.81039500   -0.32584700
H                 -5.24670500   -2.84860300    0.33543400
H                 -6.92384200   -2.66499800    0.86549200
H                 -5.62633900   -1.78668000    1.69978600
H                 -7.59029900   -2.00996800   -1.51445500
H                 -5.91044900   -2.14886000   -2.05851700
H                 -6.79638300   -0.63915100   -2.31747300
H                 -5.54156800    1.72498200    0.28689600
H                 -3.41797800    2.90622100   -0.00005300
H                 -3.79158100   -1.93837900   -1.14576300
H                 -1.31279300   -2.77312300   -1.88128200
H                  1.56174800   -5.29260100   -1.42412600
H                  1.68385300   -3.83930000   -0.40599700
H                  0.10003300   -4.41410000   -0.94081500
H                  3.12463500   -4.36511200   -3.10990700
H                  2.91503700   -2.74925600   -3.79882200
H                  3.37069100   -2.93945700   -2.09377200
H                  0.56622600   -3.45680400   -4.57668900
H                 -0.57002500   -4.18494000   -3.43195300
H                  0.89671400   -5.06096400   -3.89058400
H                  2.53497700   -0.92846900   -2.47116100
H                  1.63188400    1.25650800   -1.85617100
H                 -1.84970000    3.97162200   -1.61887300
H                  1.89169100    3.95860100    1.61892600
H                  3.45004400    2.88185700   -0.01728100
H                  5.56257500    1.68311000   -0.31577500
H                  5.90956300   -2.21667400    2.01253000
H                  6.81265600   -0.71924300    2.28246500
H                  7.58669900   -2.08892100    1.45843400
H                  8.20511200   -0.68512600   -0.48075900
H                  7.51588900    0.74340800    0.29982300
H                  7.02281900    0.30224000   -1.34863600
H                  5.20067200   -2.86769200   -0.39230600
H                  6.88602100   -2.72416300   -0.91106600
H                  5.61733400   -1.80381100   -1.74424100
H                  3.79548500   -1.96193600    1.14289300
H                  1.33743400   -2.77076100    1.92060900
H                 -2.84960900   -4.65195000    1.62861600
H                 -3.11885100   -2.91880100    1.36381000
H                 -1.85538300   -3.75690900    0.45647700
H                 -2.51536500   -4.26866800    4.13459100
H                 -2.83046300   -2.54327300    3.91236100
H                 -1.33784500   -3.06841100    4.70538100
H                  0.45728500   -4.34735000    3.36892900
H                 -0.81365800   -5.45996600    2.84214900
H                  0.20622400   -4.66294400    1.63912200
H                 -2.51843300   -0.92981000    2.46139500
H                 -1.61320500    1.25729000    1.84454300