O                  0.00004600    0.00156200    3.71489300
C                  0.00005300    0.00160400    2.48496300
C                  1.29241600   -0.02150900    1.74027400
C                  1.44290700   -0.59188400    0.46703800
C                  2.68419600   -0.63983500   -0.15525800
C                  3.82086100   -0.11684200    0.48412400
N                  5.08023500   -0.15634800   -0.14373800
C                  6.02403100    0.88437600    0.06668600
C                  7.37506400    0.57674300    0.27681500
C                  8.30308800    1.59826900    0.46414100
C                  7.89682500    2.93401200    0.46233100
C                  6.54964100    3.23997400    0.26006600
C                  5.61775900    2.22589000    0.05254900
C                  5.42527100   -1.23577300   -1.00076500
C                  5.13808700   -2.55665400   -0.62979200
C                  5.47976900   -3.60921900   -1.47548700
C                  6.12810500   -3.36285200   -2.68739000
C                  6.42478200   -2.04791900   -3.05085600
C                  6.06960300   -0.98771700   -2.22023400
C                  3.67900800    0.43993800    1.76946500
C                  2.43760900    0.47576900    2.38317500
C                 -1.29232700    0.02380000    1.74027400
C                 -1.44304100    0.59334900    0.46669500
C                 -2.68436400    0.64050800   -0.15559400
C                 -3.82083500    0.11751300    0.48412800
N                 -5.08023900    0.15621300   -0.14372600
C                 -5.42566600    1.23501000   -1.00138700
C                 -6.06994200    0.98600600   -2.22069200
C                 -6.42550800    2.04559200   -3.05193600
C                 -6.12927700    3.36084300   -2.68925800
C                 -5.48099800    3.60815400   -1.47751700
C                 -5.13893100    2.55621000   -0.63120400
C                 -6.02367200   -0.88470900    0.06734000
C                 -5.61694000   -2.22609200    0.05399000
C                 -6.54846900   -3.24037200    0.26213300
C                 -7.89575300   -2.93475200    0.46425000
C                 -8.30247400   -1.59914800    0.46527600
C                 -7.37480500   -0.57741500    0.27732000
C                 -3.67876000   -0.43844800    1.76980000
C                 -2.43733400   -0.47348700    2.38349800
H                  0.58351700   -1.01747500   -0.03977100
H                  2.78197200   -1.08411900   -1.13936600
H                  7.68722500   -0.46219300    0.28880500
H                  9.34739600    1.34632600    0.62596000
H                  8.62178800    3.72758200    0.61627500
H                  6.22147000    4.27554500    0.24856200
H                  4.57301500    2.46346200   -0.11811700
H                  4.64699600   -2.74767600    0.31861200
H                  5.25109400   -4.62838300   -1.17674800
H                  6.40022400   -4.18658500   -3.34044700
H                  6.92464400   -1.84238700   -3.99328300
H                  6.29039400    0.03555600   -2.50522500
H                  4.55244600    0.83088100    2.27938400
H                  2.33048100    0.87821800    3.38494900
H                 -0.58381100    1.01893200   -0.04039000
H                 -2.78231500    1.08417200   -1.13996500
H                 -6.29038500   -0.03751200   -2.50507000
H                 -6.92532200    1.83932700   -3.99422800
H                 -6.40169700    4.18409400   -3.34279800
H                 -5.25267000    4.62757400   -1.17938900
H                 -4.64788400    2.74796600    0.31707400
H                 -4.57211900   -2.46340600   -0.11656100
H                 -6.21994200   -4.27583700    0.25123700
H                 -8.62043900   -3.72847900    0.61868400
H                 -9.34686400   -1.34746700    0.62697100
H                 -7.68732300    0.46142100    0.28869900
H                 -4.55205300   -0.82938000    2.27997600
H                 -2.33004700   -0.87529200    3.38551400