O                  0.16896200   -3.41660400   -2.07970300
C                  0.11738800   -2.36772500   -1.44094700
C                 -1.20580300   -1.77713500   -1.08329400
C                 -1.41763800   -0.40153500   -0.90630600
C                 -2.68499600    0.09851500   -0.63222900
C                 -3.78331600   -0.77043700   -0.53160600
N                 -5.07121100   -0.26938700   -0.24936800
C                 -5.47585200    0.99408600   -0.75170800
C                 -5.19236100    1.35676500   -2.07573900
C                 -5.58677500    2.59676700   -2.56877100
C                 -6.28808600    3.47255900   -1.74089600
Cl                -6.79854400    5.03303400   -2.36356500
C                 -6.58985900    3.12384500   -0.42530700
C                 -6.17486500    1.89046100    0.06802000
C                 -5.97602600   -1.01921700    0.54478300
C                 -5.53334300   -1.67506400    1.70189900
C                 -6.42073700   -2.41168000    2.48050000
C                 -7.76436000   -2.47630700    2.11394800
Cl                -8.88976500   -3.39321400    3.10176700
C                 -8.22500100   -1.82077600    0.97304500
C                 -7.32866500   -1.10278800    0.18722600
C                 -3.58083400   -2.14913800   -0.72616800
C                 -2.31387300   -2.63610100   -1.00443100
C                  1.37788600   -1.68723500   -1.02514200
C                  2.53816500   -1.92589600   -1.77934200
C                  3.75111800   -1.35456700   -1.43010500
C                  3.85016800   -0.55036600   -0.27969400
N                  5.08299900    0.02643200    0.08789900
C                  6.29902300   -0.66765100   -0.14102200
C                  7.42076300    0.01587200   -0.62958000
C                  8.62225600   -0.65461400   -0.83765100
C                  8.69900600   -2.02152800   -0.57439000
Cl                10.20979400   -2.87364500   -0.84685100
C                  7.59087100   -2.71977900   -0.09651400
C                  6.39807000   -2.03948800    0.12912900
C                  5.12218400    1.30307600    0.70470100
C                  4.32459900    2.35042600    0.22294900
C                  4.36050000    3.60274700    0.82832000
C                  5.21453600    3.81775000    1.90935500
Cl                 5.27179700    5.40041300    2.66773300
C                  6.02408300    2.79166800    2.39430300
C                  5.96874800    1.53583400    1.79710900
C                  2.70232900   -0.33639500    0.50066900
C                  1.48443900   -0.88833700    0.12367600
H                 -0.58736400    0.29030100   -0.99726900
H                 -2.83146300    1.16424800   -0.49636900
H                 -4.65904400    0.66355700   -2.71722800
H                 -5.36702900    2.87578300   -3.59333400
H                 -7.13044900    3.81633700    0.21035800
H                 -6.39499300    1.61583600    1.09399800
H                 -4.48933200   -1.60826700    1.98813800
H                 -6.07631900   -2.91889200    3.37490800
H                 -9.27100000   -1.88462400    0.69440500
H                 -7.67653000   -0.60053100   -0.70895900
H                 -4.42623600   -2.82584400   -0.66788300
H                 -2.15780800   -3.69464200   -1.18305800
H                  2.45987500   -2.55946700   -2.65644600
H                  4.63125200   -1.52374500   -2.04060900
H                  7.34879700    1.07677800   -0.84358200
H                  9.48916500   -0.12429400   -1.21587900
H                  7.66555300   -3.78124100    0.11211900
H                  5.53553700   -2.57288100    0.51369300
H                  3.67397900    2.17850100   -0.62765500
H                  3.74339000    4.41205900    0.45402300
H                  6.67938600    2.96964000    3.23972900
H                  6.58641000    0.72864600    2.17576200
H                  2.77476000    0.25546800    1.40636000
H                  0.61701500   -0.73087800    0.75555500