C                 -1.84684000   10.22451700    2.66337300
C                 -2.21014900    9.61627100    1.29120500
C                 -1.92525300   10.65068900    0.18055000
C                 -3.71609800    9.30703500    1.28571400
C                 -1.35877600    8.36373800    1.04953900
C                 -1.90916100    7.09188800    0.85010700
C                 -1.10833300    5.97352600    0.62351800
C                  0.28460300    6.09055200    0.61178000
N                  1.11198600    4.95911000    0.38165600
C                  0.83755500    3.73092000    1.00949200
C                  1.13286900    2.51486700    0.36933100
C                  0.85184000    1.30529000    0.99199100
C                  0.26732600    1.26431700    2.26720700
C                  0.00000000    0.00000000    3.01167500
O                  0.00000000    0.00000000    4.24205400
C                 -0.26732600   -1.26431700    2.26720700
C                  0.00000000   -2.48339700    2.91127300
C                 -0.26866700   -3.69562100    2.29741200
C                 -0.83755500   -3.73092000    1.00949200
N                 -1.11198600   -4.95911000    0.38165600
C                 -0.28460300   -6.09055200    0.61178000
C                 -0.85404400   -7.35456100    0.81597600
C                 -0.04214500   -8.46302500    1.02109000
C                  1.35877600   -8.36373800    1.04953900
C                  2.21014900   -9.61627100    1.29120500
C                  1.84684000  -10.22451700    2.66337300
C                  1.92525300  -10.65068900    0.18055000
C                  3.71609800   -9.30703500    1.28571400
C                  1.90916100   -7.09188800    0.85010700
C                  1.10833300   -5.97352600    0.62351800
C                 -2.21656200   -5.08963000   -0.50211300
C                 -3.46667500   -4.55705700   -0.17405200
C                 -4.54309200   -4.69133700   -1.04963600
C                 -4.42263200   -5.37514900   -2.26559200
C                 -5.58843700   -5.55102500   -3.24647500
C                 -6.88165900   -4.89306900   -2.73843500
C                 -5.21885300   -4.90750900   -4.60081600
C                 -5.86104100   -7.05703800   -3.45231100
C                 -3.16205100   -5.91427300   -2.57111600
C                 -2.07495900   -5.77193600   -1.71777300
C                 -1.13286900   -2.51486700    0.36933100
C                 -0.85184000   -1.30529000    0.99199100
C                  0.00000000    2.48339700    2.91127300
C                  0.26866700    3.69562100    2.29741200
C                  2.21656200    5.08963000   -0.50211300
C                  2.07495900    5.77193600   -1.71777300
C                  3.16205100    5.91427300   -2.57111600
C                  4.42263200    5.37514900   -2.26559200
C                  5.58843700    5.55102500   -3.24647500
C                  6.88165900    4.89306900   -2.73843500
C                  5.21885300    4.90750900   -4.60081600
C                  5.86104100    7.05703800   -3.45231100
C                  4.54309200    4.69133700   -1.04963600
C                  3.46667500    4.55705700   -0.17405200
C                  0.85404400    7.35456100    0.81597600
C                  0.04214500    8.46302500    1.02109000
H                 -0.78990700   10.50455300    2.71528200
H                 -2.44221000   11.12603400    2.85111700
H                 -2.04396000    9.50956400    3.46966800
H                 -2.52207700   11.55666000    0.34016200
H                 -0.87071700   10.94363700    0.16086300
H                 -2.17815100   10.24287200   -0.80436500
H                 -4.04239600    8.89662100    0.32370900
H                 -4.28201200   10.22804300    1.46268400
H                 -3.98661800    8.59468900    2.07286100
H                 -2.98447500    6.95648000    0.85412300
H                 -1.56393300    5.00246500    0.45933500
H                  1.58438700    2.52627400   -0.61617700
H                  1.10517400    0.38114700    0.48373400
H                  0.41194700   -2.45433700    3.91452900
H                 -0.05239300   -4.62688000    2.80886200
H                 -1.93402900   -7.45927400    0.80904500
H                 -0.51715300   -9.42726200    1.17639400
H                  0.78990700  -10.50455300    2.71528200
H                  2.44221000  -11.12603400    2.85111700
H                  2.04396000   -9.50956400    3.46966800
H                  2.52207700  -11.55666000    0.34016200
H                  0.87071700  -10.94363700    0.16086300
H                  2.17815100  -10.24287200   -0.80436500
H                  3.98661800   -8.59468900    2.07286100
H                  4.28201200  -10.22804300    1.46268400
H                  4.04239600   -8.89662100    0.32370900
H                  2.98447500   -6.95648000    0.85412300
H                  1.56393300   -5.00246500    0.45933500
H                 -3.59297200   -4.03321700    0.76786400
H                 -5.49430900   -4.26165000   -0.75774200
H                 -6.75864200   -3.81377300   -2.59610900
H                 -7.21292400   -5.32925900   -1.78961500
H                 -7.68308500   -5.04233100   -3.47005400
H                 -5.02378600   -3.83608700   -4.48143800
H                 -4.32419000   -5.36426000   -5.03582200
H                 -6.03955200   -5.02882800   -5.31788500
H                 -4.98503500   -7.57582700   -3.85448800
H                 -6.68945500   -7.20261800   -4.15587400
H                 -6.12842300   -7.53650000   -2.50421800
H                 -3.01687300   -6.44925900   -3.50503500
H                 -1.11000700   -6.19099200   -1.98366700
H                 -1.58438700   -2.52627400   -0.61617700
H                 -1.10517400   -0.38114700    0.48373400
H                 -0.41194700    2.45433700    3.91452900
H                  0.05239300    4.62688000    2.80886200
H                  1.11000700    6.19099200   -1.98366700
H                  3.01687300    6.44925900   -3.50503500
H                  6.75864200    3.81377300   -2.59610900
H                  7.21292400    5.32925900   -1.78961500
H                  7.68308500    5.04233100   -3.47005400
H                  5.02378600    3.83608700   -4.48143800
H                  4.32419000    5.36426000   -5.03582200
H                  6.03955200    5.02882800   -5.31788500
H                  6.68945500    7.20261800   -4.15587400
H                  4.98503500    7.57582700   -3.85448800
H                  6.12842300    7.53650000   -2.50421800
H                  5.49430900    4.26165000   -0.75774200
H                  3.59297200    4.03321700    0.76786400
H                  1.93402900    7.45927400    0.80904500
H                  0.51715300    9.42726200    1.17639400