N                  1.55492900    6.81983600   -1.35343600
C                  1.08796300    5.83537200   -0.94860300
C                  0.53434800    4.60985000   -0.46254000
C                  1.04066500    3.39203000   -0.92444400
C                  0.52212100    2.17366800   -0.48181200
N                  1.06701600    0.98122900   -0.99570100
C                  0.32082600   -0.11301400   -1.46620400
C                 -0.99955400   -0.15224700   -1.90310800
C                 -1.52428600   -1.38461900   -2.28117200
C                 -0.72305000   -2.53516000   -2.24369200
Cl                -1.43882900   -4.07635400   -2.68943200
C                  0.61638200   -2.49255100   -1.87120500
C                  1.14717700   -1.26077100   -1.48341400
C                  2.46019100   -0.84406800   -1.03110400
C                  3.65086200   -1.53627800   -0.80484000
C                  4.73002700   -0.82850100   -0.28613700
Cl                 6.24068100   -1.67095600    0.01889100
C                  4.64811300    0.54009300    0.00897500
C                  3.46383100    1.24013500   -0.21567600
C                  2.38093400    0.53922700   -0.74000400
C                 -0.52241800    2.17358700    0.48183300
N                 -1.06714000    0.98106400    0.99570700
C                 -2.38099700    0.53888400    0.74001000
C                 -3.46399000    1.23964900    0.21569500
C                 -4.64817500    0.53944600   -0.00896300
C                 -4.72989800   -0.82916500    0.28612800
Cl                -6.24043700   -1.67182400   -0.01890500
C                 -3.65063300   -1.53679900    0.80481700
C                 -2.46005900   -0.84442500    1.03109100
C                 -1.14698800   -1.26094800    1.48340400
C                 -0.61602200   -2.49265600    1.87119000
C                  0.72341300   -2.53507900    2.24368700
Cl                 1.43940600   -4.07617400    2.68942300
C                  1.52448700   -1.38442500    2.28117900
C                  0.99958500   -0.15212400    1.90311900
C                 -0.32079800   -0.11307400    1.46620900
C                 -1.04115600    3.39186600    0.92446600
C                 -0.53502100    4.60976600    0.46258000
C                 -1.08882700    5.83519400    0.94866800
N                 -1.55598800    6.81962100    1.35336700
H                  1.82738500    3.38618100   -1.66984200
H                 -1.61730600    0.73696800   -1.93151900
H                 -2.55855400   -1.46150100   -2.59523200
H                  1.21907100   -3.39365200   -1.87334600
H                  3.73366700   -2.59821900   -1.00699600
H                  5.51390700    1.05131400    0.41387900
H                  3.39834500    2.29516600    0.02710800
H                 -3.39865100    2.29469400   -0.02707000
H                 -5.51404300    1.05055400   -0.41385500
H                 -3.73329100   -2.59875400    1.00696100
H                 -1.21858400   -3.39384200    1.87331900
H                  2.55876400   -1.46116500    2.59524500
H                  1.61721400    0.73717600    1.93153600
H                 -1.82788100    3.38589100    1.66985700