C                  6.62948400    4.95025600   -2.37072900
C                  6.23919600    3.61075900   -1.79615900
C                  6.52179800    3.28364600   -0.46426700
C                  6.12969300    2.06536600    0.08300300
C                  5.45490500    1.12413600   -0.70399900
N                  5.07623000   -0.13116200   -0.15584700
C                  6.01070600   -0.83648100    0.64954900
C                  5.61207700   -1.43073400    1.85385600
C                  6.53714500   -2.11493600    2.63664200
C                  7.88269500   -2.21234400    2.26042400
C                  8.87455700   -2.97488000    3.10383300
C                  8.27063500   -1.59861100    1.06301800
C                  7.35254900   -0.92840600    0.25986100
C                  3.79822700   -0.66333700   -0.40164300
C                  3.60593700   -2.05607600   -0.48791500
C                  2.34502000   -2.57513400   -0.73062700
C                  1.22707900   -1.73785600   -0.87852100
C                 -0.08873300   -2.36749400   -1.18863000
O                 -0.12948800   -3.46690100   -1.74007700
C                 -1.35494100   -1.66714200   -0.83187500
C                 -2.51408700   -1.97869400   -1.56141200
C                 -3.73236600   -1.39177000   -1.26233700
C                 -3.84288400   -0.49077400   -0.18507300
N                 -5.07724500    0.10272800    0.13010100
C                 -5.12992700    1.40708700    0.69135600
C                 -4.34620500    2.44315500    0.16697400
C                 -4.40971800    3.71816100    0.72085400
C                 -5.26282600    4.00725300    1.79345400
C                 -5.30984200    5.38721100    2.40187000
C                 -6.05295300    2.96636900    2.29647100
C                 -5.98535900    1.68152200    1.76546900
C                 -6.29475700   -0.59543600   -0.09486900
C                 -7.39259800    0.06352200   -0.66154900
C                 -8.59158800   -0.61542500   -0.85805000
C                 -8.72952700   -1.96711400   -0.51906200
C                -10.01833900   -2.70857600   -0.77553100
C                 -7.62255300   -2.61438400    0.04417700
C                 -6.42378900   -1.94295400    0.26522400
C                 -2.69437700   -0.20209400    0.57272200
C                 -1.47212500   -0.77396000    0.24475100
C                  1.42756900   -0.35049200   -0.81013800
C                  2.68883200    0.18230100   -0.57503400
C                  5.18069100    1.43110200   -2.04304800
C                  5.56119500    2.66113800   -2.57103900
H                  7.52908500    5.34620200   -1.88797300
H                  6.82424400    4.88256000   -3.44629000
H                  5.83208000    5.69249400   -2.23121300
H                  7.04916500    3.99997800    0.16118600
H                  6.35167700    1.83103800    1.11893400
H                  4.57695300   -1.35256400    2.16972300
H                  6.20913400   -2.56912100    3.56861900
H                  8.91946200   -4.03196500    2.80940900
H                  8.60370500   -2.94534600    4.16455600
H                  9.88531800   -2.56636300    3.00083700
H                  9.30907400   -1.65594300    0.74560100
H                  7.66964000   -0.46532300   -0.66872700
H                  4.45666900   -2.71847000   -0.37349900
H                  2.20007200   -3.64613100   -0.82557100
H                 -2.42969700   -2.68399100   -2.38152400
H                 -4.60997200   -1.62200700   -1.85592000
H                 -3.69136700    2.24183200   -0.67446700
H                 -3.79541700    4.51012900    0.29899900
H                 -5.08275400    6.15955700    1.65937800
H                 -4.57706700    5.49124400    3.21331000
H                 -6.29586600    5.60450700    2.82571200
H                 -6.72655800    3.16101200    3.12760100
H                 -6.60029000    0.88551100    2.17227300
H                 -7.30125500    1.10908000   -0.93688100
H                 -9.43457600   -0.08587100   -1.29547800
H                -10.16786100   -3.51383300   -0.04853500
H                -10.02314700   -3.16704200   -1.77348000
H                -10.88308300   -2.03889000   -0.72200200
H                 -7.70416000   -3.66013000    0.33074100
H                 -5.58182600   -2.45726600    0.71678900
H                 -2.77155800    0.46464300    1.42414300
H                 -0.60702700   -0.55552200    0.86166700
H                  0.59115100    0.32419900   -0.95731500
H                  2.82372600    1.25682400   -0.52540600
H                  4.67076600    0.70116400   -2.66320000
H                  5.34159800    2.88077900   -3.61315300