C                 -3.14915700    4.63288200   -2.50198500
C                 -1.84587300    5.12860800   -2.56284300
C                 -0.82685400    4.54252500   -1.81480300
C                 -1.10753900    3.45603100   -0.97365500
N                 -0.09205100    2.83489100   -0.20471400
C                  0.98980200    3.57568600    0.32546300
C                  2.27426700    3.01616000    0.38294000
C                  3.32610700    3.73131200    0.95160700
C                  3.12391200    5.01607600    1.45591600
C                  1.84587300    5.57656500    1.39389300
C                  0.78371400    4.86483000    0.84447400
C                 -0.04439700    1.41159500   -0.17953400
C                 -0.01180800    0.70314100   -1.36448400
C                  0.01180800   -0.70314100   -1.36448400
C                  0.04439700   -1.41159500   -0.17953400
N                  0.09205100   -2.83489100   -0.20471400
C                  1.10753900   -3.45603100   -0.97365500
C                  0.82685400   -4.54252500   -1.81480300
C                  1.84587300   -5.12860800   -2.56284300
C                  3.14915700   -4.63288200   -2.50198500
C                  3.42601300   -3.54255400   -1.67426400
C                  2.41891000   -2.96144600   -0.90919500
C                 -0.98980200   -3.57568600    0.32546300
C                 -0.78371400   -4.86483000    0.84447400
C                 -1.84587300   -5.57656500    1.39389300
C                 -3.12391200   -5.01607600    1.45591600
C                 -3.32610700   -3.73131200    0.95160700
C                 -2.27426700   -3.01616000    0.38294000
C                  0.04247900   -0.71564300    1.07055000
C                  0.11653600   -1.39667100    2.31379500
C                  0.06777300   -0.70353200    3.50120000
C                 -0.06777300    0.70353200    3.50120000
C                 -0.11653600    1.39667100    2.31379500
C                 -0.04247900    0.71564300    1.07055000
C                 -2.41891000    2.96144600   -0.90919500
C                 -3.42601300    3.54255400   -1.67426400
H                 -3.93845000    5.08913500   -3.09180100
H                 -1.61262700    5.96969400   -3.21005400
H                  0.18748800    4.92127400   -1.87749700
H                  2.43973900    2.02112000   -0.01513700
H                  4.31384900    3.28012100    0.98979200
H                  3.94764500    5.57201500    1.89324600
H                  1.66797700    6.57265200    1.79003900
H                 -0.21019800    5.29831700    0.81545900
H                 -0.02225500    1.24627300   -2.30383400
H                  0.02225500   -1.24627300   -2.30383400
H                 -0.18748800   -4.92127400   -1.87749700
H                  1.61262700   -5.96969400   -3.21005400
H                  3.93845000   -5.08913500   -3.09180100
H                  4.43643800   -3.14781000   -1.61257700
H                  2.63533700   -2.12189500   -0.25660600
H                  0.21019800   -5.29831700    0.81545900
H                 -1.66797700   -6.57265200    1.79003900
H                 -3.94764500   -5.57201500    1.89324600
H                 -4.31384900   -3.28012100    0.98979200
H                 -2.43973900   -2.02112000   -0.01513700
H                  0.20888100   -2.47581300    2.31399900
H                  0.12802600   -1.24037900    4.44352600
H                 -0.12802600    1.24037900    4.44352600
H                 -0.20888100    2.47581300    2.31399900
H                 -2.63533700    2.12189500   -0.25660600
H                 -4.43643800    3.14781000   -1.61257700