C                 -5.58497400   -4.85246300   -0.82702300
C                 -4.85876100   -3.54619700   -0.61959600
C                 -3.56434100   -3.34513500   -1.10807200
C                 -2.90287400   -2.12956400   -0.94784800
C                 -3.52025600   -1.07284500   -0.26700100
N                 -2.83629800    0.14622000   -0.05049100
C                 -3.51137300    1.39038300   -0.11693100
C                 -3.09197000    2.45071200    0.69978600
C                 -3.72745800    3.68538400    0.63013500
C                 -4.80886000    3.90435900   -0.23373400
C                 -5.51942600    5.23498600   -0.27162400
C                 -5.21911800    2.83801100   -1.04151400
C                 -4.58063700    1.60093700   -0.99754400
C                 -1.41307300    0.15051800   -0.01814500
C                 -0.70335400    0.85487000   -0.97042700
C                  0.70335200    0.85486000   -0.97045000
C                  1.41309100    0.15050100   -0.01818700
N                  2.83632500    0.14618000   -0.05059900
C                  3.52021000   -1.07290900   -0.26721800
C                  2.90276500   -2.12951900   -0.94815700
C                  3.56415400   -3.34512900   -1.10848600
C                  4.85854700   -3.54632300   -0.62002500
C                  5.58476000   -4.85255400   -0.82765400
C                  5.46742300   -2.48011100    0.05663100
C                  4.81490200   -1.26705600    0.24209300
C                  3.51143200    1.39032600   -0.11686700
C                  3.09193500    2.45062200    0.69986900
C                  3.72746400    3.68527000    0.63041400
C                  4.80901700    3.90428900   -0.23327500
C                  5.51953300    5.23494900   -0.27096700
C                  5.21938200    2.83798800   -1.04104000
C                  4.58085800    1.60091800   -0.99726600
C                  0.71691500   -0.55455000    1.01479400
C                  1.40130500   -1.22215400    2.06417600
C                  0.70672200   -1.86554200    3.06240200
C                 -0.70663200   -1.86551800    3.06243000
C                 -1.40123500   -1.22211200    2.06422900
C                 -0.71686900   -0.55453400    1.01481900
C                 -4.81496600   -1.26684800    0.24229000
C                 -5.46757100   -2.47988500    0.05692900
H                 -6.15230000   -5.14221500    0.06482500
H                 -6.30116300   -4.78753600   -1.65717800
H                 -4.88763800   -5.66354800   -1.06028900
H                 -3.06133400   -4.15279900   -1.63466300
H                 -1.90102500   -1.99809700   -1.34189600
H                 -2.26168200    2.29750200    1.38162000
H                 -3.38283300    4.49445700    1.27008000
H                 -6.03975800    5.38258300   -1.22374300
H                 -6.27077900    5.31201000    0.52586700
H                 -4.81983100    6.06723700   -0.13677900
H                 -6.04553000    2.98078900   -1.73399600
H                 -4.90588000    0.79519700   -1.64679200
H                 -1.24584700    1.39585700   -1.73884600
H                  1.24582900    1.39584300   -1.73888300
H                  1.90092200   -1.99795800   -1.34218800
H                  3.06108900   -4.15271200   -1.63514500
H                  6.15155000   -5.14279200    0.06437900
H                  6.30143500   -4.78727600   -1.65736400
H                  4.88749100   -5.66345700   -1.06173900
H                  6.46871000   -2.60750700    0.46213700
H                  5.29972600   -0.46364600    0.78651800
H                  2.26154300    2.29738700    1.38157000
H                  3.38276100    4.49429800    1.27037700
H                  6.04184700    5.38165400   -1.22213400
H                  4.81956400    6.06726900   -0.13843100
H                  6.26917500    5.31285900    0.52804100
H                  6.04592700    2.98078200   -1.73335700
H                  4.90620600    0.79522400   -1.64651600
H                  2.48423700   -1.21238200    2.07122500
H                  1.24702300   -2.36832800    3.85943100
H                 -1.24692100   -2.36828100    3.85948100
H                 -2.48416900   -1.21231000    2.07132900
H                 -5.29975900   -0.46335500    0.78662000
H                 -6.46888500   -2.60716000    0.46240600