C                 -2.43255200    2.74958500   -4.92057500
C                 -2.90010000    2.13522600   -3.75732100
C                 -2.10612200    1.22020400   -3.07070700
C                 -0.81587500    0.91879600   -3.53196900
N                  0.00000000    0.00000000   -2.82762000
C                  0.81587500   -0.91879600   -3.53196900
C                  2.10612200   -1.22020400   -3.07070700
C                  2.90010000   -2.13522600   -3.75732100
C                  2.43255200   -2.74958500   -4.92057500
C                  1.15189400   -2.44384900   -5.38530200
C                  0.34294100   -1.54474800   -4.69522900
C                  0.00000000    0.00000000   -1.41026700
C                 -0.01085100   -1.20617900   -0.69449500
C                  0.01085100   -1.20617900    0.69449500
C                  0.00000000    0.00000000    1.41026700
N                  0.00000000    0.00000000    2.82762000
C                  0.81587500    0.91879600    3.53196900
C                  0.34294100    1.54474800    4.69522900
C                  1.15189400    2.44384900    5.38530200
C                  2.43255200    2.74958500    4.92057500
C                  2.90010000    2.13522600    3.75732100
C                  2.10612200    1.22020400    3.07070700
C                 -0.81587500   -0.91879600    3.53196900
C                 -0.34294100   -1.54474800    4.69522900
C                 -1.15189400   -2.44384900    5.38530200
C                 -2.43255200   -2.74958500    4.92057500
C                 -2.90010000   -2.13522600    3.75732100
C                 -2.10612200   -1.22020400    3.07070700
C                 -0.01085100    1.20617900    0.69449500
C                  0.01085100    1.20617900   -0.69449500
C                 -0.34294100    1.54474800   -4.69522900
C                 -1.15189400    2.44384900   -5.38530200
H                 -3.05725100    3.45727500   -5.45723100
H                 -3.89688700    2.35776400   -3.38646400
H                 -2.47578900    0.73480400   -2.17373900
H                  2.47578900   -0.73480400   -2.17373900
H                  3.89688700   -2.35776400   -3.38646400
H                  3.05725100   -3.45727500   -5.45723100
H                  0.77070900   -2.91964700   -6.28471700
H                 -0.65677100   -1.31915300   -5.05080400
H                 -0.01534300   -2.14599200   -1.23643600
H                  0.01534300   -2.14599200    1.23643600
H                 -0.65677100    1.31915300    5.05080400
H                  0.77070900    2.91964700    6.28471700
H                  3.05725100    3.45727500    5.45723100
H                  3.89688700    2.35776400    3.38646400
H                  2.47578900    0.73480400    2.17373900
H                  0.65677100   -1.31915300    5.05080400
H                 -0.77070900   -2.91964700    6.28471700
H                 -3.05725100   -3.45727500    5.45723100
H                 -3.89688700   -2.35776400    3.38646400
H                 -2.47578900   -0.73480400    2.17373900
H                 -0.01534300    2.14599200    1.23643600
H                  0.01534300    2.14599200   -1.23643600
H                  0.65677100    1.31915300   -5.05080400
H                 -0.77070900    2.91964700   -6.28471700