C                 -5.76688500   -2.88422900   -0.38240400
C                 -5.55559700   -1.50015400    0.25260400
C                 -5.91893800   -1.59568700    1.75048500
C                 -6.50622800   -0.50064300   -0.44162200
C                 -4.10941600   -1.01029200    0.11009700
C                 -3.10821200   -1.75313800   -0.52529300
C                 -1.80260300   -1.27740000   -0.64669000
C                 -1.44774500   -0.03567600   -0.10993900
N                 -0.13038700    0.47541100   -0.21346600
C                  0.99027900   -0.38792100   -0.21484400
C                  2.09241300   -0.13560600   -1.03721900
C                  3.21527200   -0.96173800   -0.99138500
C                  3.28088200   -2.07386700   -0.14592800
C                  4.49696100   -3.00505900   -0.07439100
C                  4.06578500   -4.44176400   -0.44115300
C                  5.61447500   -2.57754200   -1.03968000
C                  5.06765300   -2.99279000    1.36052600
C                  2.16083400   -2.31689900    0.66756100
C                  1.04228700   -1.49499000    0.64803800
C                  0.03946700    1.83899300   -0.58732600
C                 -0.61248300    2.33426500   -1.70008300
C                 -0.46192300    3.68322000   -2.08710600
C                  0.35771200    4.52476600   -1.37125800
C                  1.04042900    4.05674900   -0.21804400
C                  1.87472100    4.91202700    0.54959200
C                  2.50078100    4.45678500    1.68639700
C                  2.31136400    3.12090900    2.11241000
C                  1.51640700    2.26163100    1.38842900
C                  0.87072200    2.69684500    0.20160000
C                 -2.43776400    0.72018000    0.53584000
C                 -3.73695300    0.24033500    0.63158400
H                 -5.55062100   -2.87450600   -1.45640600
H                 -6.81045700   -3.19267500   -0.25638200
H                 -5.13592300   -3.64644200    0.08795400
H                 -6.95357500   -1.93831000    1.87249000
H                 -5.82558200   -0.62710300    2.25190900
H                 -5.26027000   -2.30388400    2.26516600
H                 -6.43074800    0.49994800   -0.00415000
H                 -7.54726500   -0.83165000   -0.34450400
H                 -6.27084200   -0.41813500   -1.50844600
H                 -3.33790600   -2.72136200   -0.95532300
H                 -1.05481000   -1.87333400   -1.15882700
H                  2.07355300    0.71470900   -1.71027100
H                  4.04706600   -0.72350300   -1.64439000
H                  3.29571900   -4.81911800    0.23930000
H                  3.66029200   -4.47746300   -1.45832300
H                  4.92281500   -5.12411700   -0.38921400
H                  5.27650900   -2.59105600   -2.08176700
H                  5.98380800   -1.57163700   -0.81167700
H                  6.45988400   -3.26912500   -0.95534200
H                  5.93587700   -3.65890100    1.43346700
H                  4.32646000   -3.32743100    2.09338000
H                  5.38529200   -1.98299200    1.64277800
H                  2.16352800   -3.16284300    1.34904000
H                  0.20187600   -1.70240600    1.30205500
H                 -1.24474500    1.66697900   -2.27681400
H                 -0.98563700    4.04520900   -2.96712700
H                  0.48825100    5.56078400   -1.67235300
H                  2.00452800    5.94032700    0.22154900
H                  3.13572200    5.12250100    2.26413900
H                  2.79585600    2.77208900    3.01992000
H                  1.37465000    1.24037800    1.72020100
H                 -2.17714600    1.68519300    0.95846700
H                 -4.47563800    0.85414700    1.13896700