N                  2.88199400    3.03019800   -2.35433900
C                  2.46197800    2.20820800   -1.64862300
C                  1.94711900    1.20207900   -0.77390300
C                  2.83059700    0.35328600   -0.07863500
N                  4.21228500    0.56610700   -0.14659900
C                  4.87995300    1.72467100    0.28928200
C                  4.36641800    2.86251800    0.90516500
C                  5.26100000    3.86738800    1.26363500
C                  6.63261600    3.71687700    1.01407900
Br                 7.81708900    5.12484300    1.52486200
C                  7.15338100    2.57598200    0.41525400
C                  6.26421700    1.56290800    0.04878600
C                  6.44261600    0.25934100   -0.56232200
C                  7.56334400   -0.42932600   -1.03225100
C                  7.36962100   -1.68441100   -1.59669200
Br                 8.87870500   -2.65745600   -2.24627000
C                  6.09647700   -2.26033700   -1.71248800
C                  4.97264100   -1.58128500   -1.24967900
C                  5.16161900   -0.33143600   -0.66715600
C                  2.30776400   -0.71111900    0.67739600
C                  3.18439100   -1.52676700    1.45666200
N                  3.89612900   -2.18627800    2.09579100
C                  0.91215300   -0.91865400    0.75788500
N                  0.43029100   -2.02038400    1.48135800
C                  0.62318500   -3.36035800    1.08480300
C                  1.44018100   -3.88048800    0.08435300
C                  1.40142800   -5.25508200   -0.14177600
C                  0.55707400   -6.07468700    0.61908100
Br                 0.53730800   -7.95092500    0.26775300
C                 -0.26884300   -5.56068100    1.61241100
C                 -0.23904200   -4.18440900    1.84554500
C                 -0.97617300   -3.31727400    2.74480800
C                 -1.94157900   -3.56074200    3.72483700
C                 -2.44513900   -2.47303200    4.42790600
Br                -3.78083500   -2.76211700    5.76093800
C                 -1.99609100   -1.16459400    4.19613600
C                 -1.02680900   -0.91540700    3.22940300
C                 -0.54485600   -1.99449500    2.49537500
C                  0.02834800   -0.02476800    0.12173300
N                 -1.36407800   -0.17096500    0.28923400
C                 -2.18955800    0.87647200    0.73773500
C                 -1.84963000    1.99740500    1.48981500
C                 -2.84076900    2.93928800    1.74406700
C                 -4.13651300    2.74415500    1.24604100
Br                -5.39338500    4.16668300    1.43164400
C                 -4.50433000    1.58896000    0.56584400
C                 -3.51611000    0.63148200    0.32028400
C                 -3.50839400   -0.63642600   -0.38452800
C                 -4.49434800   -1.34028900   -1.07764600
C                 -4.12346100   -2.51210400   -1.72599800
Br                -5.41764400   -3.43783200   -2.77675400
C                 -2.81508900   -3.01254900   -1.66768300
C                 -1.82197500   -2.31389400   -0.98445800
C                 -2.17643700   -1.11821800   -0.36822000
C                  0.55446800    1.01843000   -0.68251500
N                 -0.28734300    1.85104200   -1.45451500
C                 -0.69817000    3.14045600   -1.03656700
C                 -0.04095000    4.04759300   -0.21289000
C                 -0.72434900    5.20586500    0.15310300
C                 -2.02952800    5.43291600   -0.30559900
Br                -2.97642700    6.95791100    0.33732900
C                 -2.67099100    4.55630400   -1.17306100
C                 -1.99307000    3.39561400   -1.54771200
C                 -2.37738300    2.24219600   -2.34152600
C                 -3.54409900    1.89182900   -3.02588400
C                 -3.58382000    0.64761500   -3.64571500
Br                -5.21687000    0.03216400   -4.41414900
C                 -2.47887200   -0.21390600   -3.66830400
C                 -1.31854200    0.12474100   -2.97953400
C                 -1.30404000    1.32719400   -2.28147900
H                  3.30653700    2.97250200    1.10790600
H                  4.90085100    4.77217600    1.73875100
H                  8.21959200    2.47992200    0.24526500
H                  8.55703600   -0.00126800   -0.96692300
H                  5.99219700   -3.23910800   -2.16546600
H                  3.98654000   -2.02123700   -1.34931300
H                  2.09423800   -3.24986500   -0.50661400
H                  2.02922200   -5.69707500   -0.90639300
H                 -0.92320400   -6.21398500    2.17807900
H                 -2.29152400   -4.56465400    3.93595800
H                 -2.40726600   -0.34624100    4.77519100
H                 -0.67162300    0.09313700    3.06081700
H                 -0.83395300    2.16787200    1.82790000
H                 -2.60439400    3.85126700    2.27757100
H                 -5.51973600    1.45698200    0.21006700
H                 -5.50813600   -0.96561900   -1.15348200
H                 -2.57475200   -3.94104200   -2.17249800
H                 -0.80662600   -2.68988400   -0.96826100
H                  0.96387400    3.86403500    0.15145300
H                 -0.25462400    5.93187600    0.80642900
H                 -3.68713600    4.74712000   -1.49736300
H                 -4.40748600    2.54687000   -3.04484300
H                 -2.55252100   -1.16457600   -4.18104500
H                 -0.47176900   -0.55197500   -2.95851900