C                -10.85318100   -4.51591700    0.40882800
C                 -9.61247100   -5.15520100    0.40384700
C                 -8.44068600   -4.41222300    0.27836600
C                 -8.48268700   -3.01413500    0.15248100
C                 -7.23745300   -2.22522700    0.01770100
C                 -6.14093000   -2.71622900   -0.70863600
C                 -4.97186000   -1.97516300   -0.83611500
C                 -4.84433500   -0.70940800   -0.24083100
C                 -3.60256200    0.07998300   -0.37650900
C                 -3.62933600    1.47713400   -0.45953800
C                 -2.45561800    2.21806300   -0.58939500
C                 -1.21246200    1.58336300   -0.64664500
C                 -1.18358900    0.17991200   -0.56607200
C                 -2.34782200   -0.55411200   -0.42882600
O                  0.00234000   -0.52625200   -0.62520200
C                  1.18388300    0.18589900   -0.54950800
C                  2.35112200   -0.54333700   -0.41224600
C                  3.60354900    0.09563300   -0.36410500
C                  4.84827500   -0.68786400   -0.21898600
C                  4.88305200   -1.86644800    0.54407000
C                  6.05482600   -2.60168000    0.68039400
C                  7.24703200   -2.19044700    0.06371500
C                  8.49541800   -2.97249400    0.21061500
C                  9.39878500   -3.09651000   -0.85750400
C                 10.57434700   -3.83122700   -0.71924300
C                 10.87202000   -4.46062500    0.49041900
C                  9.98296600   -4.34705400    1.56033200
C                  8.80862900   -3.61038900    1.42193900
C                  7.21326400   -1.01162500   -0.69797700
C                  6.04054300   -0.27887200   -0.83855200
C                  3.62476000    1.49260400   -0.45309100
C                  2.44827000    2.22841300   -0.58674600
C                  1.20753800    1.58876800   -0.64108000
N                 -0.00368100    2.28645400   -0.78678600
C                 -0.00685700    3.71591300   -0.78245700
C                 -0.00610900    4.39645400   -1.97888300
C                 -0.00931100    5.81078000   -1.99865100
C                 -0.01316300    6.51777900   -0.81871600
C                 -0.01399000    5.84802000    0.43343700
C                 -0.01782200    6.55538400    1.66433400
C                 -0.01836400    5.88149200    2.86369200
C                 -0.01514300    4.46603200    2.88591400
C                 -0.01148200    3.74771300    1.71210700
C                 -0.01080500    4.41602400    0.46077100
C                 -5.94076900   -0.21980200    0.48797400
C                 -7.11077400   -0.95969800    0.61246200
C                 -9.73815200   -2.38482300    0.15787700
C                -10.91032000   -3.12678800    0.28583300
H                -11.76699300   -5.09486700    0.50760000
H                 -9.55576400   -6.23531500    0.50771500
H                 -7.47850400   -4.91515000    0.30441900
H                 -6.22089600   -3.67589800   -1.21074300
H                 -4.15614000   -2.36665800   -1.43665100
H                 -4.58086600    1.99859900   -0.45215800
H                 -2.50145600    3.29837700   -0.66058600
H                 -2.26096900   -1.63148400   -0.33969300
H                  2.27224200   -1.62440200   -0.37625300
H                  3.98259300   -2.20119300    1.05046200
H                  6.04377100   -3.51954800    1.26078900
H                  9.16157600   -2.63431100   -1.81118600
H                 11.25486100   -3.92035400   -1.56163600
H                 11.78810400   -5.03433600    0.59826100
H                 10.20866200   -4.82570600    2.50934200
H                  8.13678600   -3.50381500    2.26851300
H                  8.12329900   -0.65783800   -1.17355200
H                  6.04199400    0.61655900   -1.45288000
H                  4.56947300    2.02207200   -0.38575100
H                  2.48857100    3.30988800   -0.64176500
H                 -0.00320900    3.82930000   -2.90410200
H                 -0.00877200    6.33198700   -2.95104600
H                 -0.01562800    7.60461900   -0.82792700
H                 -0.02017800    7.64206500    1.64069400
H                 -0.02110900    6.43351300    3.79902200
H                 -0.01539000    3.94438500    3.83844400
H                 -0.00894500    2.66381500    1.72960300
H                 -5.85947900    0.73779000    0.99358900
H                 -7.92734200   -0.56880800    1.21241700
H                 -9.79339800   -1.30733300    0.03372400
H                -11.87121100   -2.61951500    0.27966000