C                  0.59718600   -2.17228900    3.69035400
C                  0.42631100   -0.79347500    3.59422300
C                  0.07299300   -0.20435400    2.38100300
C                 -0.14474400   -0.98763500    1.23781000
C                 -0.00645400   -2.38344900    1.35320700
C                  0.38804200   -2.96122100    2.55982600
S                 -0.46476200   -3.44195200    0.00000000
C                 -0.00645400   -2.38344900   -1.35320700
C                  0.38804200   -2.96122100   -2.55982600
C                  0.59718600   -2.17228900   -3.69035400
C                  0.42631100   -0.79347500   -3.59422300
C                  0.07299300   -0.20435400   -2.38100300
C                 -0.14474400   -0.98763500   -1.23781000
N                 -0.50611100   -0.39932600    0.00000000
C                 -0.89651100    0.98261300    0.00000000
C                 -2.23852700    1.28685100    0.00000000
C                 -2.67164400    2.63301300    0.00000000
C                 -1.75131200    3.65495700    0.00000000
C                 -0.35840800    3.37967400    0.00000000
C                  0.61155400    4.41697600    0.00000000
C                  1.95583000    4.12563200    0.00000000
C                  2.39219100    2.77876500    0.00000000
C                  1.48049700    1.74822100    0.00000000
C                  0.08674500    2.01826200    0.00000000
H                  0.88501100   -2.63273300    4.63030700
H                  0.57834100   -0.15961700    4.46291500
H                 -0.04105200    0.87013800    2.32405400
H                  0.50669700   -4.03966900    2.60986300
H                  0.50669700   -4.03966900   -2.60986300
H                  0.88501100   -2.63273300   -4.63030700
H                  0.57834100   -0.15961700   -4.46291500
H                 -0.04105200    0.87013800   -2.32405400
H                 -2.95665000    0.47337400    0.00000000
H                 -3.73509600    2.85190700    0.00000000
H                 -2.07764800    4.69168800    0.00000000
H                  0.26956500    5.44874400    0.00000000
H                  2.68780000    4.92803900    0.00000000
H                  3.45574000    2.55886100    0.00000000
H                  1.81477700    0.71695100    0.00000000