C                  0.31137600   -2.51061200    3.58496400
C                 -0.06100800   -1.17077500    3.62790100
C                 -0.35843400   -0.48098600    2.44940800
C                 -0.29333900   -1.12662100    1.21197900
C                  0.08354900   -2.48072400    1.18324500
C                  0.38665300   -3.16380800    2.35091200
O                  0.14566600   -3.19178700    0.00000000
C                  0.08354900   -2.48072400   -1.18324500
C                  0.38665300   -3.16380800   -2.35091200
C                  0.31137600   -2.51061200   -3.58496400
C                 -0.06100800   -1.17077500   -3.62790100
C                 -0.35843400   -0.48098600   -2.44940800
C                 -0.29333900   -1.12662100   -1.21197900
N                 -0.59764400   -0.47732200    0.00000000
C                 -0.89129000    0.92119900    0.00000000
C                 -2.20367500    1.33637400    0.00000000
C                 -2.52037300    2.71498900    0.00000000
C                 -1.51566100    3.65438000    0.00000000
C                 -0.15077600    3.26247000    0.00000000
C                  0.90399400    4.21273700    0.00000000
C                  2.21821000    3.80605300    0.00000000
C                  2.53725600    2.42684600    0.00000000
C                  1.54053000    1.47797500    0.00000000
C                  0.17659000    1.86814700    0.00000000
H                  0.54391900   -3.05144100    4.49679200
H                 -0.12313200   -0.64758900    4.57727000
H                 -0.64685200    0.56293300    2.48573700
H                  0.67328500   -4.20760100    2.27401600
H                  0.67328500   -4.20760100   -2.27401600
H                  0.54391900   -3.05144100   -4.49679200
H                 -0.12313200   -0.64758900   -4.57727000
H                 -0.64685200    0.56293300   -2.48573700
H                 -2.98892600    0.58734900    0.00000000
H                 -3.56111800    3.02433400    0.00000000
H                 -1.75299300    4.71507300    0.00000000
H                  0.65242900    5.27021400    0.00000000
H                  3.01666700    4.54236000    0.00000000
H                  3.57816100    2.11695300    0.00000000
H                  1.78511700    0.42196100    0.00000000