C                -11.20267700   -4.07783000    0.65453000
C                -10.48034200   -3.64163500    1.76627800
C                 -9.26924900   -2.97382900    1.59842500
C                 -8.75408600   -2.72539000    0.31582700
C                 -7.46741600   -2.01495500    0.13793300
C                 -7.09654500   -0.96007700    0.98682900
C                 -5.88733100   -0.29476000    0.82167700
C                 -4.99573900   -0.65089700   -0.20317700
C                 -3.71128500    0.05951200   -0.37828700
C                 -3.59270600    1.43290100   -0.12797400
C                 -2.37940500    2.09668100   -0.27598000
C                 -1.23098800    1.41757700   -0.70883200
C                 -1.35242300    0.04607300   -0.99926600
C                 -2.56044800   -0.61820200   -0.80774200
S                  0.00235800   -0.84029400   -1.73443300
C                  1.35582000    0.03728700   -0.98506800
C                  2.56048000   -0.63170200   -0.79191700
C                  3.71524600    0.04267600   -0.36737500
C                  4.99398300   -0.67546100   -0.18386200
C                  5.02446800   -1.99699000    0.29014300
C                  6.22748300   -2.67184300    0.46234200
C                  7.45479100   -2.05478200    0.17294700
C                  8.73604900   -2.77292700    0.35883300
C                  8.91692800   -3.65843400    1.43369700
C                 10.12207100   -4.33518000    1.60846200
C                 11.17446700   -4.13981900    0.71274400
C                 11.00932600   -3.26199400   -0.35971300
C                  9.80322200   -2.58707200   -0.53491400
C                  7.42461900   -0.73297300   -0.29898800
C                  6.22160700   -0.05936100   -0.47592200
C                  3.60454000    1.41858700   -0.12758000
C                  2.39505600    2.08828700   -0.28018300
C                  1.24221400    1.41220200   -0.70589600
N                  0.00761700    2.08548000   -0.85987500
C                  0.01058500    3.52013500   -0.78643100
C                  0.01244800    4.24017500   -1.95880100
C                  0.01487500    5.65415100   -1.93376200
C                  0.01540800    6.32380200   -0.73249000
C                  0.01367900    5.61365200    0.49707900
C                  0.01436900    6.28195200    1.75005700
C                  0.01301900    5.57175600    2.92806900
C                  0.01086500    4.15617700    2.90596500
C                  0.00991200    3.47529800    1.71024600
C                  0.01124500    4.18143000    0.47885800
C                 -5.36796900   -1.70456200   -1.05357400
C                 -6.57532100   -2.37267700   -0.88523800
C                 -9.49218900   -3.16917600   -0.79342800
C                -10.70240800   -3.83875800   -0.62632800
H                -12.14658900   -4.59931800    0.78509700
H                -10.85597400   -3.83023900    2.76825900
H                 -8.70000100   -2.66353800    2.46968500
H                 -7.77347700   -0.64812700    1.77670600
H                 -5.61965600    0.50332600    1.50782000
H                 -4.46654100    2.00179700    0.17349100
H                 -2.32886000    3.15750300   -0.06851700
H                 -2.60058300   -1.68687000   -0.99385500
H                  2.60941400   -1.69080500   -1.02536700
H                  4.09310700   -2.49501300    0.54309200
H                  6.21683500   -3.70007800    0.81164200
H                  8.11347700   -3.79501700    2.15149000
H                 10.24251900   -5.00969400    2.45176000
H                 12.11445800   -4.66687400    0.84911500
H                 11.81882400   -3.10912000   -1.06821700
H                  9.67386700   -1.92806500   -1.38837800
H                  8.35856600   -0.22251200   -0.51490400
H                  6.23057200    0.95517400   -0.86318100
H                  4.46785800    1.97388000    0.22525400
H                  2.34595600    3.14665400   -0.06037900
H                  0.01176200    3.70212500   -2.90112100
H                  0.01614800    6.20488600   -2.86939600
H                  0.01714300    7.41033700   -0.70658100
H                  0.01614600    7.36883800    1.75988200
H                  0.01381300    6.09458900    3.88001400
H                  0.01026300    3.60450800    3.84142500
H                  0.00838700    2.39133500    1.69392600
H                 -4.70921400   -1.99196100   -1.86771400
H                 -6.82552400   -3.19666100   -1.54692700
H                 -9.12462600   -2.96257400   -1.79424000
H                -11.26060000   -4.16630200   -1.49911700