C                 -3.92323700    5.06572900    4.12306300
C                 -5.02570000    4.55269500    3.17117700
C                 -5.46540400    5.69791700    2.23318400
C                 -6.23731100    4.13486500    4.02023400
C                 -4.47523700    3.39185500    2.33380300
C                 -5.02664400    2.10577700    2.35119600
C                 -4.49846900    1.06706700    1.58469700
C                 -3.39945000    1.29077300    0.74917000
N                 -2.83471700    0.25830200   -0.03982100
C                 -3.63393300   -0.77624100   -0.57929800
C                 -4.90963800   -0.50766500   -1.09227300
C                 -5.67690100   -1.52681700   -1.65183800
C                 -5.20599700   -2.84273200   -1.74396700
C                 -6.01932100   -3.98429600   -2.36602200
C                 -7.39481300   -3.51367200   -2.86619000
C                 -5.24431500   -4.57093400   -3.56595600
C                 -6.24201200   -5.08979200   -1.31109900
C                 -3.92237200   -3.09045300   -1.23413800
C                 -3.15021800   -2.08993000   -0.65598300
C                 -1.41713200    0.13016800   -0.06335600
C                 -0.71170400    0.05930900    1.12202700
C                  0.69070400   -0.04449700    1.12340300
C                  1.39789000   -0.12103300   -0.06055400
N                  2.81549300   -0.24934400   -0.03517200
C                  3.61445600    0.78694800   -0.57226300
C                  4.89221400    0.51333500   -1.08746400
C                  5.65505100    1.52925900   -1.64699300
C                  5.18636000    2.85091500   -1.74061200
C                  6.06418400    3.93243800   -2.38155000
C                  6.37585800    3.54015100   -3.84230600
C                  7.38547300    4.05582000   -1.59192100
C                  5.37876500    5.30850900   -2.38955000
C                  3.90814700    3.10258700   -1.23195800
C                  3.13506800    2.09809600   -0.65017500
C                  3.37991100   -1.27385000    0.76411800
C                  4.47786300   -1.04176600    1.59873900
C                  5.00724400   -2.07365400    2.37377600
C                  4.45783800   -3.36057000    2.36628200
C                  5.00946100   -4.51398400    3.21308400
C                  6.21993700   -4.08773700    4.05956100
C                  5.45140300   -5.66586800    2.28433400
C                  3.90716500   -5.02117900    4.16828600
C                  3.34747500   -3.57121400    1.53119500
C                  2.81992000   -2.56008300    0.73974000
C                  0.70329900   -0.08244300   -1.31113100
C                  1.37953600   -0.19999200   -2.55366600
C                  0.69176000   -0.11298600   -3.74199900
C                 -0.70465400    0.10649200   -3.74367700
C                 -1.39456400    0.19853200   -2.55694900
C                 -0.72049000    0.08614100   -1.31268800
C                 -2.83764800    2.57587000    0.71472200
C                 -3.36420000    3.59420700    1.49775100
H                 -3.59657100    4.27096100    4.80272000
H                 -4.29704500    5.90149600    4.72681300
H                 -3.04466700    5.41693200    3.57252600
H                 -5.85631800    6.54107700    2.81542700
H                 -4.63182800    6.06729900    1.62735700
H                 -6.25177500    5.35937800    1.54959800
H                 -5.98046900    3.34007500    4.72923000
H                 -6.59610200    4.99303800    4.59890000
H                 -7.06718800    3.78396400    3.39693600
H                 -5.87925400    1.88714200    2.98396300
H                 -4.94200000    0.07839900    1.63374300
H                 -5.29949500    0.50399700   -1.05296900
H                 -6.65841800   -1.27128500   -2.03458800
H                 -7.93932000   -4.35964600   -3.29973700
H                 -8.00503500   -3.10796400   -2.05166900
H                 -7.30290000   -2.74527600   -3.64176300
H                 -4.26717200   -4.96124800   -3.26417200
H                 -5.80858800   -5.39372100   -4.02145300
H                 -5.07640300   -3.80504900   -4.33113000
H                 -5.29371900   -5.49441100   -0.94322000
H                 -6.79549900   -4.69886500   -0.45018900
H                 -6.81657400   -5.91937300   -1.74064900
H                 -3.50996600   -4.09446000   -1.27741800
H                 -2.16494200   -2.32008000   -0.26539200
H                 -1.25395600    0.10262500    2.06095100
H                  1.23140500   -0.08354400    2.06340300
H                  5.27885200   -0.49954800   -1.04748500
H                  6.63804200    1.27772600   -2.03494600
H                  6.90255500    2.58221500   -3.90028400
H                  5.45249300    3.45032600   -4.42503100
H                  7.00873400    4.30002000   -4.31653000
H                  7.94138500    3.11278700   -1.58397300
H                  7.19074700    4.33835200   -0.55144300
H                  8.03005200    4.82138000   -2.04053600
H                  4.44413400    5.29204300   -2.96090800
H                  6.03993800    6.04770800   -2.85489400
H                  5.15459900    5.65519100   -1.37469500
H                  3.49215100    4.10274800   -1.27362300
H                  2.15024700    2.33091600   -0.25993800
H                  4.91946100   -0.05190100    1.64086600
H                  5.85909800   -1.84863400    3.00532000
H                  7.04969100   -3.74053600    3.43403100
H                  6.57961900   -4.94081400    4.64516600
H                  5.96150300   -3.28777400    4.76213000
H                  4.61874800   -6.04113700    1.68085400
H                  6.23775300   -5.33155500    1.59864800
H                  5.84310800   -6.50391800    2.87338100
H                  3.02946100   -5.37802900    3.61999900
H                  3.57888600   -4.22159000    4.84147600
H                  4.28184000   -5.85161800    4.77881200
H                  2.88689900   -4.55385600    1.48490300
H                  1.96845100   -2.75533100    0.09569300
H                  2.45122100   -0.35664100   -2.55221000
H                  1.22495900   -0.20779000   -4.68363500
H                 -1.23621100    0.19722500   -4.68663700
H                 -2.46626500    0.35503700   -2.55823000
H                 -1.98538300    2.76467500    0.06981200
H                 -2.90212200    4.57575600    1.44384500