F                  9.21603000   -2.71833900    1.79266200
C                  8.74277500   -3.00418900    0.55560400
F                  8.62603000   -4.34934400    0.48486600
F                  9.70132700   -2.63237700   -0.32280100
C                  7.43792900   -2.31324500    0.28623600
C                  6.23388700   -2.93281000    0.62733000
C                  5.02939100   -2.26638600    0.43122600
C                  4.99783400   -0.97097500   -0.11140000
C                  3.71606200   -0.26478900   -0.31994000
C                  3.60667100    1.12079100   -0.14591100
C                  2.39476200    1.78017700   -0.31972000
C                  1.24002200    1.08213700   -0.70360700
C                  1.35357000   -0.30462500   -0.91876400
C                  2.56032500   -0.96198800   -0.70189000
S                 -0.00173100   -1.21829000   -1.61893300
C                 -1.35360200   -0.29873200   -0.92106000
C                 -2.56126900   -0.95300100   -0.69730600
C                 -3.70963600   -0.25466200   -0.29612900
C                 -4.99451500   -0.95525400   -0.08637400
C                 -5.36692600   -2.04283700   -0.89379900
C                 -6.57404400   -2.70373300   -0.69496100
C                 -7.43948500   -2.28668500    0.31840700
C                 -8.77079000   -2.95688200    0.49455500
F                 -9.73367100   -2.36451500   -0.25233000
F                 -9.19223700   -2.91196100    1.77874100
F                 -8.73495300   -4.25656500    0.12356200
C                 -7.08708200   -1.20652500    1.13045300
C                 -5.87668200   -0.55250600    0.93026400
C                 -3.59193700    1.12842900   -0.10844300
C                 -2.37950000    1.78441100   -0.29128500
C                 -1.23218800    1.08514700   -0.69466400
N                  0.00448500    1.74610400   -0.87773700
C                  0.00612300    3.18359300   -0.87252500
C                  0.00082500    3.84616300   -2.07819300
C                  0.00155100    5.25970500   -2.12042000
C                  0.00762800    5.98538600   -0.95214200
C                  0.01330700    5.33468100    0.30992200
C                  0.01974900    6.06210900    1.52944600
C                  0.02542700    5.40906300    2.74008300
C                  0.02484200    3.99409500    2.78572600
C                  0.01846400    3.25667900    1.62395500
C                  0.01255700    3.90315900    0.36025900
C                  6.21899000   -0.36552900   -0.45201900
C                  7.42663300   -1.02522800   -0.25334800
H                  6.24186000   -3.93257700    1.04801100
H                  4.10068000   -2.74582400    0.72415100
H                  4.47178300    1.69366700    0.17263900
H                  2.34477200    2.84755300   -0.15011100
H                  2.60947400   -2.03095500   -0.88482800
H                 -2.60218000   -2.02900700   -0.83444400
H                 -4.71325600   -2.35796000   -1.70096900
H                 -6.84782000   -3.54141400   -1.32734800
H                 -7.75149000   -0.89264100    1.92836500
H                 -5.59559600    0.26372800    1.58816600
H                 -4.46486400    1.71067500    0.16908400
H                 -2.32798300    2.85359100   -0.13368700
H                 -0.00417900    3.26416100   -2.99402800
H                 -0.00288700    5.76533100   -3.08107000
H                  0.00811400    7.07186000   -0.97795100
H                  0.02025500    7.14815000    1.48734600
H                  0.03059100    5.97673900    3.66587900
H                  0.02979600    3.48791100    3.74651100
H                  0.01818500    2.17311800    1.66034200
H                  6.21780600    0.62099900   -0.90455200
H                  8.36048800   -0.55012800   -0.53411400