C                  4.93646500   -5.52277100   -1.06642600
C                  3.61904400   -4.83277600   -0.81247200
C                  2.75581300   -5.25652300    0.20395100
C                  1.56526800   -4.58469800    0.47492400
C                  1.19635500   -3.47360600   -0.29039700
N                 -0.00014300   -2.76110800    0.00001100
C                 -1.19670900   -3.47347300    0.29045700
C                 -1.56574200   -4.58456000   -0.47482100
C                 -2.75635300   -5.25625000   -0.20382100
C                 -3.61954200   -4.83237300    0.81258700
C                 -4.93711700   -5.52210900    1.06643300
C                 -3.23250000   -3.72394600    1.57723700
C                 -2.03501400   -3.06157600    1.33653300
C                 -0.00005900   -1.35836900    0.00002400
C                  1.17329700   -0.64680600    0.27164000
C                  1.20327400    0.74727000    0.21416000
N                  2.44138000    1.38707700    0.42085700
C                  2.59101600    2.42605400    1.37218400
C                  1.79551900    2.46906700    2.52183000
C                  1.94728400    3.50795500    3.43756900
C                  2.90046000    4.51279900    3.25014300
C                  3.04344100    5.65039700    4.23085600
C                  3.70200300    4.44549200    2.10167300
C                  3.54711200    3.42954100    1.16702800
C                  3.58410100    0.75916000   -0.14552000
C                  3.57495000    0.41681300   -1.50408900
C                  4.63522200   -0.29518600   -2.05345800
C                  5.74093600   -0.66792600   -1.27714400
C                  6.85574700   -1.49757800   -1.86402000
C                  5.75795300   -0.27670800    0.06650900
C                  4.69409700    0.42108200    0.63515300
C                  0.00009700    1.45210400    0.00003500
N                  0.00018600    2.91086700    0.00001400
O                  0.79516100    3.47917300   -0.74836100
O                 -0.79472300    3.47929500    0.74836700
C                 -1.20316200    0.74740800   -0.21409200
N                 -2.44119900    1.38735100   -0.42077700
C                 -3.58400300    0.75947700    0.14547900
C                 -4.69395600    0.42150000   -0.63530300
C                 -5.75789100   -0.27627100   -0.06678800
C                 -5.74100000   -0.66757100    1.27684500
C                 -6.85589200   -1.49722200    1.86357100
C                 -4.63533700   -0.29492100    2.05327100
C                 -3.57498400    0.41705800    1.50402900
C                 -2.59072700    2.42633100   -1.37212100
C                 -1.79524900    2.46928400   -2.52174800
C                 -1.94691000    3.50824300   -3.43746800
C                 -2.89996500    4.51315600   -3.25001800
C                 -3.04316700    5.65068300   -4.23078400
C                 -3.70149000    4.44593600   -2.10149400
C                 -3.54670600    3.42995300   -1.16690500
C                 -1.17333300   -0.64667000   -0.27158600
C                  2.03472100   -3.06181500   -1.33647000
C                  3.23213900   -3.72431100   -1.57714200
H                  5.77788900   -4.91840800   -0.70186800
H                  4.98539800   -6.49215600   -0.56067800
H                  5.10158600   -5.69179000   -2.13680600
H                  3.02786300   -6.11621700    0.81139200
H                  0.91959500   -4.91436700    1.28228500
H                 -0.92010000   -4.91433600   -1.28216200
H                 -3.02848500   -6.11595000   -0.81122100
H                 -5.10337100   -5.68909200    2.13694800
H                 -5.77823600   -4.91857100    0.69979000
H                 -4.98537600   -6.49245800    0.56246400
H                 -3.87781700   -3.37200700    2.37806300
H                 -1.75713400   -2.20507600    1.94053700
H                  2.08560100   -1.17140400    0.51706900
H                  1.05861600    1.69186000    2.69590000
H                  1.31456400    3.52921300    4.32139700
H                  2.52511400    6.55049600    3.87468000
H                  2.61732400    5.39273300    5.20594100
H                  4.09444400    5.92133600    4.38194700
H                  4.44853800    5.21645200    1.92583300
H                  4.15633100    3.40693300    0.26996200
H                  2.72499800    0.70860200   -2.11262900
H                  4.60913100   -0.55968100   -3.10817100
H                  7.02650400   -1.25425600   -2.91835600
H                  6.61857800   -2.56944900   -1.81283800
H                  7.79658200   -1.34676100   -1.32491300
H                  6.60845800   -0.54401400    0.68900600
H                  4.71108000    0.69377400    1.68523300
H                 -4.71083400    0.69424800   -1.68537100
H                 -6.60835800   -0.54350400   -0.68936800
H                 -6.61882200   -2.56910400    1.81219600
H                 -7.79671000   -1.34621700    1.32448700
H                 -7.02663000   -1.25407000    2.91795000
H                 -4.60934000   -0.55947800    3.10797000
H                 -2.72506500    0.70876200    2.11265700
H                 -1.05840100    1.69202900   -2.69583400
H                 -1.31417000    3.52948200   -4.32127700
H                 -2.53068600    6.55289300   -3.87153800
H                 -2.61113400    5.39543100   -5.20388100
H                 -4.09462600    5.91704400   -4.38694800
H                 -4.44789800    5.21700900   -1.92559000
H                 -4.15586400    3.40740700   -0.26979600
H                 -2.08569200   -1.17116700   -0.51702300
H                  1.75694300   -2.20528500   -1.94048100
H                  3.87751800   -3.37243900   -2.37794800