O                  0.80647900   -3.71718500    0.73209800
N                 -0.00364500   -3.14959200    0.00019500
O                 -0.81516000   -3.71446900   -0.73228400
C                 -0.00183300   -1.69059100    0.00085600
C                  1.19679000   -0.98545700   -0.23240700
N                  2.44194400   -1.61871400   -0.43621400
C                  2.62602600   -2.63748800   -1.39689700
C                  3.67591400   -3.55341400   -1.24079900
C                  3.88116700   -4.55584200   -2.18153300
C                  3.02166300   -4.65889600   -3.27452800
Br                 3.29431200   -6.04357400   -4.56057100
C                  1.96781200   -3.76490500   -3.43880400
C                  1.77860300   -2.74782100   -2.50686700
C                  3.56171700   -0.94145700    0.12610100
C                  3.58062700   -0.71076900    1.50679800
C                  4.55044500    0.11279200    2.06924200
C                  5.50918700    0.69641400    1.24150800
Br                 6.74140400    1.94751900    1.98310300
C                  5.54496800    0.42235800   -0.12444600
C                  4.56871000   -0.40190700   -0.68166800
C                  1.16629200    0.40819600   -0.29444800
C                  0.00138800    1.12258000    0.00138500
N                  0.00290500    2.52491700    0.00145800
C                 -1.20782700    3.23552300   -0.22788900
C                 -1.56446700    4.30941600    0.59638100
C                 -2.78684800    4.95450100    0.42144100
C                 -3.65994300    4.51341100   -0.57197600
Br                -5.37147300    5.33311000   -0.75900300
C                 -3.30850700    3.46498600   -1.42002300
C                 -2.07693600    2.84030400   -1.25460300
C                  1.21520200    3.23301400    0.23018300
C                  1.57361300    4.30618000   -0.59429300
C                  2.79737500    4.94878500   -0.41998200
C                  3.67009300    4.50596300    0.57300300
Br                 5.38328700    5.32237400    0.75913800
C                  3.31697900    3.45824100    1.42121400
C                  2.08405400    2.83604200    1.25643300
C                 -1.16512500    0.41075200    0.29710300
C                 -1.19880600   -0.98277900    0.23448100
N                 -2.44542700   -1.61324000    0.43786300
C                 -2.63223200   -2.63212300    1.39780100
C                 -3.68460600   -3.54512600    1.24120100
C                 -3.89246500   -4.54764000    2.18127500
C                 -3.03315900   -4.65378400    3.27412300
Br                -3.30942900   -6.03857500    4.55926500
C                 -1.97688200   -3.76274600    3.43888400
C                 -1.78500400   -2.74554900    2.50762700
C                 -3.56336000   -0.93370700   -0.12547900
C                 -3.58083100   -0.70357900   -1.50625500
C                 -4.54852300    0.12185800   -2.06966900
C                 -5.50648800    0.70788800   -1.24276300
Br                -6.73563900    1.96127700   -1.98564100
C                 -5.54372000    0.43456900    0.12331400
C                 -4.56962300   -0.39159400    0.68148100
H                  4.32251000   -3.48204300   -0.37315700
H                  4.69196900   -5.26471300   -2.05786600
H                  1.30596000   -3.85296100   -4.29270500
H                  0.96813600   -2.04012100   -2.64286000
H                  2.80970200   -1.16139600    2.12345300
H                  4.55711400    0.31210000    3.13507100
H                  6.30205800    0.88050500   -0.75056800
H                  4.55776600   -0.59176500   -1.75001700
H                  2.07339400    0.93224100   -0.55740900
H                 -0.89155900    4.62362500    1.38747200
H                 -3.07108800    5.77533500    1.07010300
H                 -3.99835300    3.13025100   -2.18464600
H                 -1.80309000    2.01461400   -1.90176200
H                  0.90095100    4.62174200   -1.38505100
H                  3.08294300    5.76904100   -1.06879100
H                  4.00652400    3.12208700    2.18549300
H                  1.80889600    2.01091900    1.90376000
H                 -2.07105500    0.93677100    0.56017500
H                 -4.33111700   -3.47146700    0.37369000
H                 -4.70520400   -5.25421800    2.05718100
H                 -1.31517700   -3.85314900    4.29265400
H                 -0.97260900   -2.04015400    2.64407500
H                 -2.81050000   -1.15621200   -2.12218500
H                 -4.55410200    0.32076000   -3.13557800
H                 -6.30017800    0.89470600    0.74873500
H                 -4.55970200   -0.58105300    1.74991200