O                 -0.75963800   -3.28010300    0.78570400
N                  0.00079900   -2.72163600    0.00016500
O                  0.76157400   -3.27970800   -0.78533200
C                  0.00036700   -1.25304200    0.00011400
C                 -1.20331500   -0.55718900   -0.18516400
N                 -2.42048300   -1.22787200   -0.40245400
C                 -3.55799900   -1.08542900    0.40086300
C                 -3.71873200   -0.36434900    1.58302400
C                 -4.97095600   -0.40128100    2.19452100
C                 -6.02895400   -1.14443300    1.64597200
C                 -5.85199800   -1.87764000    0.47509400
C                 -4.60652700   -1.85639900   -0.15940100
C                 -4.07496200   -2.49201600   -1.34985500
C                 -4.62140500   -3.34340700   -2.31448300
C                 -3.82194400   -3.76706600   -3.37262600
C                 -2.48734200   -3.34302400   -3.47833000
C                 -1.91800100   -2.49165100   -2.53306200
C                 -2.72282500   -2.08501600   -1.47051900
C                 -1.18963400    0.83662700   -0.21210100
C                 -0.00048200    1.54382500   -0.00001100
N                 -0.00088600    2.94630600   -0.00006700
C                  0.96684200    3.76965900   -0.60796300
C                  2.08685800    3.42686300   -1.36739300
C                  2.86481600    4.46360200   -1.88059300
C                  2.53574600    5.80886200   -1.65406300
C                  1.40661400    6.14440900   -0.91265700
C                  0.61103400    5.12292400   -0.38695500
C                 -0.61383900    5.12261800    0.38692000
C                 -1.40990200    6.14370900    0.91265600
C                 -2.53884900    5.80760600    1.65408900
C                 -2.86725400    4.46218400    1.88061500
C                 -2.08881100    3.42582800    1.36737500
C                 -0.96898500    3.76917300    0.60790900
C                  1.18911200    0.83735300    0.21209900
C                  1.20364200   -0.55644600    0.18529900
N                  2.42122000   -1.22636700    0.40262200
C                  2.72403700   -2.08344000    1.47061600
C                  1.91951200   -2.49046000    2.53323800
C                  2.48931300   -3.34166100    3.47838400
C                  3.82407300   -3.76516000    3.37249000
C                  4.62322800   -3.34111900    2.31427000
C                  4.07632100   -2.48988900    1.34976300
C                  4.60748300   -1.85401200    0.15927100
C                  5.85289000   -1.87472000   -0.47536700
C                  6.02941300   -1.14140600   -1.64624100
C                  4.97104700   -0.39866400   -2.19464000
C                  3.71888600   -0.36224900   -1.58298500
C                  3.55857900   -1.08343300   -0.40082700
H                 -2.89388400    0.18537800    2.02415500
H                 -5.12590800    0.15050300    3.11707500
H                 -6.99236500   -1.15315400    2.14654600
H                 -6.66807600   -2.46334900    0.06156000
H                 -5.65569000   -3.66668200   -2.23811400
H                 -4.23313400   -4.43190600   -4.12610300
H                 -1.88129700   -3.68444900   -4.31210200
H                 -0.88516900   -2.17316300   -2.62111000
H                 -2.11014600    1.35988600   -0.43595000
H                  2.35441000    2.39585200   -1.56266500
H                  3.74382000    4.21814800   -2.46908500
H                  3.16468400    6.59210600   -2.06586400
H                  1.14115100    7.18471000   -0.74771300
H                 -1.14494500    7.18414100    0.74772200
H                 -3.16815400    6.59054000    2.06592000
H                 -3.74611900    4.21629400    2.46913200
H                 -2.35586600    2.39469200    1.56265100
H                  2.10930600    1.36121200    0.43585500
H                  0.88655800   -2.17240800    2.62143700
H                  1.88350400   -3.68337700    4.31220800
H                  4.23562500   -4.42986900    4.12588400
H                  5.65763400   -3.66397300    2.23775100
H                  6.66925200   -2.46011600   -0.06194900
H                  6.99276800   -1.14972500   -2.14693200
H                  5.12566200    0.15320100   -3.11720100
H                  2.89376700    0.18715500   -2.02400800