C                 -5.71268900   -4.70393200    3.33538400
C                 -5.53457000   -4.79155100    1.80391600
C                 -4.76280700   -6.08185000    1.48308900
C                 -6.92197200   -4.87915000    1.13165500
C                 -4.80421500   -3.53939400    1.30411300
C                 -5.36601000   -2.26845900    1.51022400
C                 -4.73829700   -1.10461500    1.08572400
C                 -3.50958500   -1.16848200    0.40861200
N                 -2.83130300    0.00168700   -0.00192800
C                 -3.50846700    1.16767100   -0.42491100
C                 -4.73439900    1.10359900   -1.09944300
C                 -5.36572200    2.26822200   -1.53240400
C                 -4.80199700    3.53422800   -1.33406500
C                 -5.46550700    4.83294500   -1.80784300
C                 -6.80405000    4.57641600   -2.51918000
C                 -4.52566300    5.55834400   -2.79531700
C                 -5.73244100    5.74591100   -0.59134100
C                 -3.56736800    3.57753700   -0.66751100
C                 -2.93147200    2.42871300   -0.21393800
C                 -1.40403700    0.00034100   -0.00177500
C                 -0.71236500    0.01389500    1.22542900
C                 -1.39751200    0.05738600    2.47791800
C                 -0.70429100    0.03362600    3.65849100
C                  0.71650800   -0.04084600    3.65971900
C                  1.41199000   -0.06317300    2.48043100
C                  0.72914600   -0.01810900    1.22666600
C                  1.42284900   -0.00425600    0.00055300
N                  2.85013000   -0.00779100    0.00162100
C                  3.52487400   -1.17696800   -0.41737000
C                  4.75227700   -1.11779500   -1.08963200
C                  5.38022000   -2.28491300   -1.52053100
C                  4.81179200   -3.54886200   -1.32191800
C                  5.47171700   -4.85029400   -1.79326000
C                  6.81238500   -4.59904200   -2.50247900
C                  4.53112000   -5.57343800   -2.78167100
C                  5.73337400   -5.76295800   -0.57538700
C                  3.57602700   -3.58730500   -0.65738200
C                  2.94330300   -2.43575100   -0.20604300
C                  3.53036500    1.15764800    0.42198500
C                  2.95591600    2.41956600    0.20989700
C                  3.59407400    3.56764200    0.66247100
C                  4.82850200    3.52245800    1.32906800
C                  5.49470300    4.82023600    1.80165700
C                  5.76367300    5.73143700    0.58428200
C                  6.83264000    4.56159000    2.51337800
C                  4.55629700    5.54856700    2.78833400
C                  5.38979000    2.25543800    1.52843100
C                  4.75631600    1.09178500    1.09629000
C                  0.73120200    0.01222200   -1.22662500
C                  1.41637700    0.05473000   -2.47922300
C                  0.72292600    0.03385300   -3.65969900
C                 -0.69808900   -0.03664100   -3.66091600
C                 -1.39354800   -0.05770600   -2.48162600
C                 -0.71048800   -0.01532400   -1.22785400
C                 -2.93700900   -2.42629800    0.19183900
C                 -3.57387900   -3.58277700    0.63964000
H                 -6.23927400   -5.58951900    3.71124600
H                 -4.74006700   -4.64474800    3.83609700
H                 -6.29239300   -3.82172400    3.62536800
H                 -5.32012500   -6.94794200    1.85642500
H                 -4.62609800   -6.21435200    0.40414500
H                 -3.77557400   -6.09196900    1.95800900
H                 -6.82193400   -4.94669800    0.04272600
H                 -7.53669200   -4.00185600    1.35726300
H                 -7.46251200   -5.76664000    1.48236300
H                 -6.31462700   -2.17717200    2.03166600
H                 -5.19438700   -0.13992700    1.28047000
H                 -5.19307300    0.13919600   -1.28953500
H                 -6.31310900    2.16864200   -2.04988600
H                 -7.24082000    5.52879800   -2.83896600
H                 -6.67566800    3.95356800   -3.41134800
H                 -7.52648700    4.08476800   -1.85828800
H                 -4.98161800    6.49385700   -3.14139800
H                 -4.32326100    4.93096800   -3.67034800
H                 -3.56510200    5.80518400   -2.33201400
H                 -4.80673600    5.99726000   -0.06384400
H                 -6.40190000    5.25445200    0.12323700
H                 -6.20145300    6.68410300   -0.91177200
H                 -3.08689400    4.53456500   -0.48526900
H                 -1.98175900    2.50071500    0.30511800
H                 -2.47954900    0.10436000    2.47496300
H                 -1.24051100    0.06797300    4.60247800
H                  1.25099900   -0.07629900    4.60464500
H                  2.49401700   -0.10997000    2.47968600
H                  5.21491100   -0.15517300   -1.27904200
H                  6.32886500   -2.18911700   -2.03642100
H                  7.24646200   -5.55323200   -2.82054000
H                  6.68770600   -3.97665300   -3.39549200
H                  7.53532300   -4.10920100   -1.84079400
H                  3.56892400   -5.81654800   -2.31979500
H                  4.98448800   -6.51083200   -3.12606000
H                  4.33237400   -4.94622100   -3.65765500
H                  4.80587800   -6.01059200   -0.04928500
H                  6.19972100   -6.70307600   -0.89406200
H                  6.40325500   -5.27308500    0.13988400
H                  3.09194100   -4.54247300   -0.47495600
H                  1.99241100   -2.50410700    0.31131000
H                  2.00630000    2.49305100   -0.30910400
H                  3.11547200    4.52543900    0.47934500
H                  6.23467400    6.66893500    0.90383000
H                  6.43211900    5.23784300   -0.12977000
H                  4.83853800    5.98423600    0.05648200
H                  7.27132800    5.51336300    2.83235400
H                  7.55414200    4.06787100    1.85301300
H                  6.70287900    3.93981000    3.40609300
H                  4.35247100    4.92246200    3.66394600
H                  3.59631400    5.79700400    2.32468900
H                  5.01420800    6.48343800    3.13356900
H                  6.33704600    2.15446200    2.04587900
H                  5.21346100    0.12666200    1.28628400
H                  2.49853400    0.09835400   -2.47654100
H                  1.25916000    0.06737300   -4.60370600
H                 -1.23272000   -0.07006000   -4.60583400
H                 -2.47569700   -0.10149300   -2.48091100
H                 -1.98706200   -2.49791400   -0.32683900
H                 -3.09009500   -4.53410200    0.44993000