O                  0.73714300   -3.21972200    0.88535600
N                  0.08359500   -2.67344000   -0.00177100
O                 -0.53476200   -3.25786300   -0.88981900
C                  0.03808500   -1.21201600   -0.00057000
C                 -1.20372500   -0.55626700   -0.00557700
N                 -2.42033300   -1.27342800    0.03754200
C                 -2.64854600   -2.21351300    1.06946900
C                 -2.12392700   -1.98753200    2.34988700
C                 -2.32495300   -2.92234100    3.36254100
C                 -3.06422300   -4.08031400    3.12133400
C                 -3.59068600   -4.30095400    1.84666400
C                 -3.37826100   -3.38457800    0.82128600
C                 -3.36410000   -1.05655600   -0.99647200
C                 -4.72589900   -0.91007400   -0.70037100
C                 -5.63867900   -0.68248200   -1.72724800
C                 -5.20530200   -0.57909200   -3.05109500
C                 -3.84750000   -0.72247100   -3.34268700
C                 -2.92948300   -0.97219000   -2.32537400
C                 -1.23547100    0.83762900   -0.01439900
C                 -0.04885800    1.58612500    0.00069200
N                 -0.09254800    2.98933400    0.00123300
C                  0.95102300    3.74727100   -0.59862200
C                  1.47887200    4.86054900    0.06708200
C                  2.48791400    5.61463800   -0.52759100
C                  2.99236700    5.25954700   -1.77993400
C                  2.46898300    4.14651100   -2.44084000
C                  1.44625000    3.39880400   -1.86222800
C                 -1.18163900    3.68006900    0.60143300
C                 -1.77969300    4.75701400   -0.06464500
C                 -2.83413900    5.44590500    0.53035900
C                 -3.31397600    5.06037400    1.78337600
C                 -2.72042300    3.98331800    2.44462200
C                 -1.65269200    3.30171300    1.86566200
C                  1.18199200    0.91273500    0.01537400
C                  1.23676200   -0.48038700    0.00537500
N                  2.49563600   -1.12070700   -0.03823200
C                  3.42255800   -0.84945900    0.99812600
C                  2.98118600   -0.79524400    2.32638700
C                  3.88032100   -0.49246500    3.34614000
C                  5.22734300   -0.26558900    3.05764600
C                  5.66865800   -0.33890600    1.73440800
C                  4.77342300   -0.61928100    0.70514300
C                  2.78243700   -2.04152500   -1.07287300
C                  2.24558700   -1.84423800   -2.35298400
C                  2.50446500   -2.76153800   -3.36849400
C                  3.31372500   -3.87242300   -3.13048000
C                  3.85212000   -4.06424400   -1.85613600
C                  3.58296500   -3.16611200   -0.82794200
H                 -1.56119200   -1.08013800    2.54437600
H                 -1.90754800   -2.73640500    4.34817300
H                 -3.22300900   -4.80534500    3.91376700
H                 -4.15420700   -5.20645800    1.63982700
H                 -3.75918800   -3.57322700   -0.17577300
H                 -5.05581700   -0.97716000    0.33115900
H                 -6.69263800   -0.56961600   -1.48880200
H                 -5.91975400   -0.39308500   -3.84746800
H                 -3.50134400   -0.65912200   -4.37059400
H                 -1.87829900   -1.12482700   -2.54540900
H                 -2.19885300    1.33094400   -0.01489500
H                  1.09180900    5.12683600    1.04502100
H                  2.89042000    6.47583000   -0.00193600
H                  3.78476800    5.84455600   -2.23688100
H                  2.84749400    3.86518300   -3.41939000
H                  1.02823500    2.54178900   -2.38011500
H                 -1.41110900    5.04652900   -1.04312700
H                 -3.29100700    6.27937800    0.00446300
H                 -4.14157400    5.59419900    2.24059500
H                 -3.07954300    3.67924800    3.42367700
H                 -1.18063200    2.47332600    2.38369500
H                  2.11291400    1.46485800    0.01632600
H                  1.94092000   -1.01241800    2.54399700
H                  3.52901400   -0.45300900    4.37349600
H                  5.92761600   -0.03827800    3.85589200
H                  6.71418500   -0.16121100    1.49834000
H                  5.10875500   -0.66341300   -0.32586800
H                  1.62795300   -0.97272400   -2.54494900
H                  2.07688300   -2.59853000   -4.35382400
H                  3.51740500   -4.58369800   -3.92511000
H                  4.47037900   -4.93388800   -1.65179100
H                  3.97429500   -3.33423500    0.16876100