C                  5.48504300   -4.79532500    1.77746800
C                  4.81126700   -3.53847800    1.28422100
C                  5.37805700   -2.27675800    1.50411600
C                  4.74572100   -1.10935500    1.08846600
C                  3.51897000   -1.17212000    0.40914900
N                  2.84175300   -0.00027400   -0.00003500
C                  3.52142700    1.16966200   -0.41034800
C                  4.74674900    1.10271400   -1.09244200
C                  5.37903000    2.26733700   -1.51499900
C                  4.81607300    3.53107900   -1.29551500
C                  5.52246900    4.78840400   -1.73912000
C                  3.58592800    3.58248000   -0.63119400
C                  2.94753700    2.42837000   -0.18559600
C                  1.41449000    0.00045400   -0.00017400
C                  0.72172800    0.01259300    1.22645700
C                  1.40577600    0.05267900    2.47967700
C                  0.71140100    0.02904100    3.65959100
C                 -0.70957900   -0.04188700    3.65947600
C                 -1.40396900   -0.06095200    2.47949400
C                 -0.71993900   -0.01599200    1.22643600
C                 -1.41272000    0.00123400   -0.00009400
N                 -2.84001300    0.00153600   -0.00006300
C                 -3.51854600    1.17102300    0.41341700
C                 -4.74466600    1.10339000    1.09400700
C                 -5.37597500    2.26741100    1.51968400
C                 -4.81124200    3.53115600    1.30491000
C                 -5.51654900    4.78791200    1.75184400
C                 -3.58034100    3.58319800    0.64202700
C                 -2.94289700    2.42977100    0.19334500
C                 -3.51902300   -1.16769200   -0.41351200
C                 -2.94385700   -2.42666200   -0.19346000
C                 -3.58176600   -3.57983800   -0.64212900
C                 -4.81266400   -3.52731200   -1.30497800
C                 -5.51846900   -4.78378800   -1.75191300
C                 -5.37691100   -2.26334600   -1.51973000
C                 -4.74513600   -1.09957500   -1.09406700
C                 -0.71999000    0.01812700   -1.22667200
C                 -1.40407400    0.06348000   -2.47967600
C                 -0.70976500    0.04406900   -3.65970800
C                  0.71116300   -0.02763400   -3.65991800
C                  1.40560200   -0.05170400   -2.48004300
C                  0.72165500   -0.01130500   -1.22678600
C                  2.94509600   -2.42965200    0.17659400
C                  3.58337200   -3.58627500    0.61510000
H                  5.20685000   -5.66266400    1.16938600
H                  6.57615600   -4.70186000    1.75219100
H                  5.20319700   -5.02186600    2.81469600
H                  6.32975800   -2.20262100    2.02549300
H                  5.19996500   -0.14463200    1.28712200
H                  5.19494300    0.13605600   -1.29551400
H                  6.32614000    2.18980000   -2.04429100
H                  4.81363600    5.60483400   -1.91268100
H                  6.08391700    4.62651700   -2.66587900
H                  6.23973300    5.13534700   -0.98295800
H                  3.11766600    4.54695700   -0.44882300
H                  1.99725000    2.49620000    0.33282400
H                  2.48792800    0.09701500    2.47776300
H                  1.24683000    0.06079800    4.60411500
H                 -1.24500800   -0.07712700    4.60387200
H                 -2.48612500   -0.10515000    2.47747100
H                 -5.19431500    0.13664600    1.29338100
H                 -6.32375300    2.18931700    2.04769500
H                 -4.80684900    5.60275700    1.92926200
H                 -6.23221900    5.13845900    0.99583300
H                 -6.07957700    4.62359200    2.67721200
H                 -3.11070700    4.54768300    0.46326500
H                 -1.99200800    2.49816300   -0.32387600
H                 -1.99297000   -2.49543200    0.32371500
H                 -3.11249900   -4.54450600   -0.46339100
H                 -6.23435700   -5.13399200   -0.99595100
H                 -6.08134400   -4.61927300   -2.67734100
H                 -4.80910100   -5.59894500   -1.92922900
H                 -6.32467000   -2.18487900   -2.04772200
H                 -5.19440700   -0.13265300   -1.29343200
H                 -2.48620400    0.10828000   -2.47758300
H                 -1.24522900    0.07966700   -4.60406800
H                  1.24654200   -0.05952900   -4.60445900
H                  2.48772600   -0.09655500   -2.47829100
H                  1.99942500   -2.49462900   -0.35056700
H                  3.11863400   -4.55022500    0.42101800