O                 -2.02724800   -1.57478200   -0.85411100
C                 -1.10597100   -0.86555800   -0.46305400
C                 -0.83272000   -0.67203500    0.98227100
C                 -1.63635300   -1.32478100    1.92448800
C                 -1.40080400   -1.16836300    3.28272300
C                 -0.36020900   -0.33323700    3.72733500
N                 -0.12596800   -0.16844600    5.10426700
C                 -1.10536100    0.08243500    6.07961000
C                 -2.47777800    0.28922300    5.93213600
C                 -3.21978000    0.55563700    7.08168600
C                 -2.61281800    0.62410300    8.34593500
C                 -1.23990400    0.43954900    8.48283600
C                 -0.47347500    0.17138700    7.34520700
C                  0.94395800   -0.03653600    7.12823600
C                  2.04776000   -0.08247400    7.98452900
C                  3.30781200   -0.33545600    7.45018300
C                  3.46859900   -0.55299300    6.07234000
C                  2.38425300   -0.51281200    5.19757900
C                  1.12687200   -0.23892100    5.73754100
C                  0.44198800    0.32738600    2.79225600
C                  0.21777500    0.15263200    1.42758900
C                  1.10597100    0.86555800    0.46305400
O                  2.02724800    1.57478200    0.85411100
C                  0.83272000    0.67203500   -0.98227100
C                  1.63635300    1.32478100   -1.92448800
C                  1.40080400    1.16836300   -3.28272300
C                  0.36020900    0.33323700   -3.72733500
N                  0.12596800    0.16844600   -5.10426700
C                 -1.12687200    0.23892100   -5.73754100
C                 -2.38425300    0.51281200   -5.19757900
C                 -3.46859900    0.55299300   -6.07234000
C                 -3.30781200    0.33545600   -7.45018300
C                 -2.04776000    0.08247400   -7.98452900
C                 -0.94395800    0.03653600   -7.12823600
C                  0.47347500   -0.17138700   -7.34520700
C                  1.23990400   -0.43954900   -8.48283600
C                  2.61281800   -0.62410300   -8.34593500
C                  3.21978000   -0.55563700   -7.08168600
C                  2.47777800   -0.28922300   -5.93213600
C                  1.10536100   -0.08243500   -6.07961000
C                 -0.44198800   -0.32738600   -2.79225600
C                 -0.21777500   -0.15263200   -1.42758900
H                 -2.43221500   -1.96783700    1.56471900
H                 -2.00126700   -1.70260200    4.01045000
H                 -2.95473300    0.25838500    4.95913000
H                 -4.28995400    0.71756200    6.99213400
H                 -3.22008400    0.83115100    9.22182700
H                 -0.76646600    0.50954700    9.45807300
H                  1.91964600    0.07187100    9.05219700
H                  4.17438200   -0.37100500    8.10335200
H                  4.45788900   -0.75928200    5.67472600
H                  2.52038700   -0.69498800    4.13786500
H                  1.23489900    0.99452000    3.10825200
H                  2.43221500    1.96783700   -1.56471900
H                  2.00126700    1.70260200   -4.01045000
H                 -2.52038700    0.69498800   -4.13786500
H                 -4.45788900    0.75928200   -5.67472600
H                 -4.17438200    0.37100500   -8.10335200
H                 -1.91964600   -0.07187100   -9.05219700
H                  0.76646600   -0.50954700   -9.45807300
H                  3.22008400   -0.83115100   -9.22182700
H                  4.28995400   -0.71756200   -6.99213400
H                  2.95473300   -0.25838500   -4.95913000
H                 -1.23489900   -0.99452000   -3.10825200