C                 -6.03854700   -0.61105100   -4.99329000
O                 -4.90699200    0.04698400   -5.53238100
C                 -3.73917600   -0.01616500   -4.82229700
C                 -2.64298000    0.65130000   -5.38566800
C                 -1.41477600    0.65945600   -4.74207000
C                 -1.23873400   -0.02242000   -3.52442500
N                  0.00000000    0.00000000   -2.84125300
C                  1.23873400    0.02242000   -3.52442500
C                  2.33473000    0.69154200   -2.97182100
C                  3.57886300    0.68322300   -3.60496500
C                  3.73917600    0.01616500   -4.82229700
O                  4.90699200   -0.04698400   -5.53238100
C                  6.03854700    0.61105100   -4.99329000
C                  2.64298000   -0.65130000   -5.38566800
C                  1.41477600   -0.65945600   -4.74207000
C                  0.00000000    0.00000000   -1.41553800
C                 -0.42129600    1.15211400   -0.72106500
C                 -0.81541300    2.34243500   -1.40548500
C                 -1.19299800    3.46076000   -0.71124700
C                 -1.19299800    3.46076000    0.71124700
C                 -0.81541300    2.34243500    1.40548500
C                 -0.42129600    1.15211400    0.72106500
C                  0.00000000    0.00000000    1.41553800
N                  0.00000000    0.00000000    2.84125300
C                 -1.23873400   -0.02242000    3.52442500
C                 -1.41477600    0.65945600    4.74207000
C                 -2.64298000    0.65130000    5.38566800
C                 -3.73917600   -0.01616500    4.82229700
O                 -4.90699200    0.04698400    5.53238100
C                 -6.03854700   -0.61105100    4.99329000
C                 -3.57886300   -0.68322300    3.60496500
C                 -2.33473000   -0.69154200    2.97182100
C                  1.23873400    0.02242000    3.52442500
C                  2.33473000    0.69154200    2.97182100
C                  3.57886300    0.68322300    3.60496500
C                  3.73917600    0.01616500    4.82229700
O                  4.90699200   -0.04698400    5.53238100
C                  6.03854700    0.61105100    4.99329000
C                  2.64298000   -0.65130000    5.38566800
C                  1.41477600   -0.65945600    4.74207000
C                  0.42129600   -1.15211400    0.72106500
C                  0.81541300   -2.34243500    1.40548500
C                  1.19299800   -3.46076000    0.71124700
C                  1.19299800   -3.46076000   -0.71124700
C                  0.81541300   -2.34243500   -1.40548500
C                  0.42129600   -1.15211400   -0.72106500
C                 -2.33473000   -0.69154200   -2.97182100
C                 -3.57886300   -0.68322300   -3.60496500
H                 -6.31497300   -0.20113300   -4.01229600
H                 -6.85309200   -0.43834000   -5.69899400
H                 -5.86821100   -1.69169800   -4.89329600
H                 -2.78212000    1.17478100   -6.32614000
H                 -0.58013600    1.19600700   -5.18042200
H                  2.21612100    1.22024000   -2.03220200
H                  4.40558300    1.20911700   -3.14221600
H                  6.31497300    0.20113300   -4.01229600
H                  6.85309200    0.43834000   -5.69899400
H                  5.86821100    1.69169800   -4.89329600
H                  2.78212000   -1.17478100   -6.32614000
H                  0.58013600   -1.19600700   -5.18042200
H                 -0.80909300    2.34314300   -2.48840800
H                 -1.48840500    4.35768300   -1.24808600
H                 -1.48840500    4.35768300    1.24808600
H                 -0.80909300    2.34314300    2.48840800
H                 -0.58013600    1.19600700    5.18042200
H                 -2.78212000    1.17478100    6.32614000
H                 -6.85309200   -0.43834000    5.69899400
H                 -5.86821100   -1.69169800    4.89329600
H                 -6.31497300   -0.20113300    4.01229600
H                 -4.40558300   -1.20911700    3.14221600
H                 -2.21612100   -1.22024000    2.03220200
H                  2.21612100    1.22024000    2.03220200
H                  4.40558300    1.20911700    3.14221600
H                  6.31497300    0.20113300    4.01229600
H                  5.86821100    1.69169800    4.89329600
H                  6.85309200    0.43834000    5.69899400
H                  2.78212000   -1.17478100    6.32614000
H                  0.58013600   -1.19600700    5.18042200
H                  0.80909300   -2.34314300    2.48840800
H                  1.48840500   -4.35768300    1.24808600
H                  1.48840500   -4.35768300   -1.24808600
H                  0.80909300   -2.34314300   -2.48840800
H                 -2.21612100   -1.22024000   -2.03220200
H                 -4.40558300   -1.20911700   -3.14221600