C                  9.26901700   -3.25818600    1.80791400
O                  7.89288200   -3.53806400    1.98671300
C                  6.99213000   -2.64176400    1.48078100
C                  5.63832600   -2.98343100    1.68425200
C                  4.61316200   -2.17061200    1.22339800
C                  4.96044200   -1.00515500    0.54098800
C                  6.30873000   -0.63818200    0.34544900
C                  7.33715200   -1.46532200    0.81687600
C                  6.30898400    0.63586000   -0.34616300
C                  7.33773100    1.46242200   -0.81789200
C                  6.99317700    2.63904600   -1.48171700
O                  7.89428400    3.53483500   -1.98792300
C                  9.27031400    3.25415600   -1.80957700
C                  5.63950500    2.98146600   -1.68480200
C                  4.61402000    2.16922700   -1.22363800
C                  4.96084200    1.00358300   -0.54131700
N                  4.13686900   -0.00055000   -0.00002900
C                  2.73942400   -0.00026900    0.00001100
C                  2.02855400    1.02650700    0.64949600
C                  2.73585800    1.99059600    1.43101400
N                  3.31162500    2.76928300    2.07376600
C                  0.61625000    1.04627400    0.63586000
N                 -0.04761700    2.09582300    1.29195500
C                 -0.08629300    3.42362600    0.78944100
C                  0.76698700    4.05977900   -0.11021000
C                  0.44748600    5.35106900   -0.51148500
C                 -0.70278200    6.00573100   -0.02750000
O                 -0.89513100    7.26972100   -0.51113500
C                 -2.04793500    7.96975700   -0.07834400
C                 -1.55369400    5.36798800    0.87582100
C                 -1.24220300    4.06554900    1.28000500
C                 -1.94190400    3.11272300    2.12287200
C                 -3.14333100    3.16048800    2.82570400
C                 -3.56635700    2.02024500    3.51623500
O                 -4.78600000    2.11553500    4.13077800
C                 -5.32935700    0.93571400    4.69710400
C                 -2.76087300    0.86803500    3.56132000
C                 -1.54844800    0.82228200    2.87515400
C                 -1.17576900    1.92489000    2.12280900
C                 -0.09615400    0.00019600    0.00023800
N                 -1.49873600    0.00038700    0.00052000
C                 -2.32222400    0.98169800   -0.57650100
C                 -1.97906300    2.10847700   -1.32226700
C                 -3.00397900    2.90007000   -1.81932200
C                 -4.35713000    2.57046100   -1.59508300
O                 -5.26135300    3.44568900   -2.13611600
C                 -6.63528300    3.16631400   -1.94728100
C                 -4.70098300    1.42523200   -0.87749000
C                 -3.67123500    0.62338300   -0.36737900
C                 -3.67117200   -0.62381300    0.36678200
C                 -4.70084000   -1.42644300    0.87582800
C                 -4.35685800   -2.57162700    1.59343100
O                 -5.26097800   -3.44765200    2.13334300
C                 -6.63491900   -3.16947500    1.94280500
C                 -3.00369400   -2.90031600    1.81893200
C                 -1.97887200   -2.10794000    1.32294500
C                 -2.32212300   -0.98135200    0.57693200
C                  0.61580800   -1.04605400   -0.63562000
N                 -0.04844500   -2.09531900   -1.29183100
C                 -1.17670400   -1.92374200   -2.12241900
C                 -1.54880000   -0.82096800   -2.87480500
C                 -2.76149800   -0.86591300   -3.56054400
C                 -3.56786100   -2.01748000   -3.51493200
O                 -4.78786200   -2.11187000   -4.12891800
C                 -5.33082000   -0.93150800   -4.69451300
C                 -3.14542400   -3.15797300   -2.82444700
C                 -1.94368800   -3.11102900   -2.12209000
C                 -1.24440500   -4.06422900   -1.27929600
C                 -1.55675100   -5.36634900   -0.87475400
C                 -0.70608900   -6.00451000    0.02850400
O                 -0.89927800   -7.26823300    0.51250800
C                 -2.05303200   -7.96726900    0.08063500
C                  0.44483200   -5.35062300    0.51199400
C                  0.76518900   -4.05966200    0.11034300
C                 -0.08791200   -3.42304800   -0.78914400
C                  2.02810600   -1.02676600   -0.64943700
C                  2.73495500   -1.99112600   -1.43103500
N                  3.31035300   -2.77007000   -2.07380700
H                  9.55730200   -2.32017700    2.30181100
H                  9.80803800   -4.08849900    2.26737100
H                  9.53241200   -3.19779300    0.74323000
H                  5.42112500   -3.90479700    2.21349600
H                  3.57669800   -2.43779700    1.39974800
H                  8.37148800   -1.18018200    0.66782700
H                  8.37195000    1.17670500   -0.66913800
H                  9.53402800    3.19362200   -0.74497900
H                  9.80966700    4.08414800   -2.26922200
H                  9.55788600    2.31597300   -2.30355800
H                  5.42266500    3.90294400   -2.21399700
H                  3.57765700    2.43699100   -1.39969800
H                  1.65989100    3.57821400   -0.49095400
H                  1.08512100    5.88830600   -1.20511400
H                 -2.04300900    8.12013400    1.00958700
H                 -2.01637000    8.93976600   -0.57735200
H                 -2.96876700    7.44293800   -0.36317000
H                 -2.44957800    5.84806100    1.24985000
H                 -3.77191600    4.04466300    2.83154400
H                 -6.32978200    1.20183700    5.04360300
H                 -5.39829200    0.13046100    3.95279400
H                 -4.73595300    0.58281300    5.55124100
H                 -3.07804900   -0.00909900    4.11042200
H                 -0.93919300   -0.07284500    2.90825400
H                 -0.94652900    2.37574400   -1.50921300
H                 -2.78227700    3.79796700   -2.38550200
H                 -7.17944100    3.97449800   -2.43925300
H                 -6.91897600    2.20740400   -2.40374000
H                 -6.90022900    3.14443500   -0.88142900
H                 -5.73475100    1.14814600   -0.70990100
H                 -5.73464400   -1.15003300    0.70735400
H                 -7.17898000   -3.97825200    2.43390800
H                 -6.89849800   -3.14760800    0.87661300
H                 -6.92006200   -2.21092200    2.39910000
H                 -2.78189700   -3.79816500    2.38514800
H                 -0.94631800   -2.37455400    1.51072300
H                 -0.93889400    0.07370800   -2.90819700
H                 -3.07825200    0.01140300   -4.10959600
H                 -4.73789300   -0.57885300   -5.54908300
H                 -6.33174000   -1.19680100   -5.04022600
H                 -5.39848000   -0.12638000   -3.94995000
H                 -3.77469600   -4.04166100   -2.82990200
H                 -2.45309300   -5.84583600   -1.24843500
H                 -2.04884100   -8.11814000   -1.00723200
H                 -2.02220200   -8.93709200    0.58005100
H                 -2.97316200   -7.43936300    0.36571500
H                  1.08226400   -5.88819800    1.20554800
H                  1.65857300   -3.57867700    0.49070000