O                 -0.89658400    1.76211600   -1.85203200
C                 -0.48385700    0.96593900   -1.01167700
C                  0.95965700    0.72285600   -0.81066600
C                  1.89316700    1.41882600   -1.59020100
C                  3.25308600    1.21721400   -1.42438600
C                  3.72759700    0.29409500   -0.46764600
N                  5.10343600    0.08535000   -0.29775100
C                  6.00358000    0.24218400   -1.38787800
C                  7.20769200    0.93457900   -1.20678300
C                  8.10059900    1.06967000   -2.26723600
C                  7.79810400    0.53246900   -3.51994300
C                  6.59543500   -0.15332400   -3.70093100
C                  5.70527100   -0.30939300   -2.64093800
C                  5.62950300   -0.29916900    0.96789600
C                  5.21839000    0.35566100    2.13596300
C                  5.74113300   -0.02623800    3.36912200
C                  6.69202300   -1.04529200    3.44933800
C                  7.11082000   -1.68785000    2.28287400
C                  6.57889500   -1.32546100    1.04763400
C                  2.79529000   -0.40744100    0.31331300
C                  1.43054100   -0.19355800    0.15094900
C                  0.48385700   -0.96593900    1.01167700
O                  0.89658400   -1.76211600    1.85203200
C                 -0.95965700   -0.72285600    0.81066600
C                 -1.89316700   -1.41882600    1.59020100
C                 -3.25308600   -1.21721400    1.42438600
C                 -3.72759700   -0.29409500    0.46764600
N                 -5.10343600   -0.08535000    0.29775100
C                 -6.00358000   -0.24218400    1.38787800
C                 -5.70527100    0.30939300    2.64093800
C                 -6.59543500    0.15332400    3.70093100
C                 -7.79810400   -0.53246900    3.51994300
C                 -8.10059900   -1.06967000    2.26723600
C                 -7.20769200   -0.93457900    1.20678300
C                 -5.62950300    0.29916900   -0.96789600
C                 -5.21839000   -0.35566100   -2.13596300
C                 -5.74113300    0.02623800   -3.36912200
C                 -6.69202300    1.04529200   -3.44933800
C                 -7.11082000    1.68785000   -2.28287400
C                 -6.57889500    1.32546100   -1.04763400
C                 -2.79529000    0.40744100   -0.31331300
C                 -1.43054100    0.19355800   -0.15094900
H                  1.52204400    2.13203300   -2.31855300
H                  3.96320000    1.77351700   -2.02544300
H                  7.43505600    1.35785900   -0.23403100
H                  9.03164100    1.60832600   -2.11541000
H                  8.49329000    0.64539900   -4.34636600
H                  6.35333900   -0.58397100   -4.66837500
H                  4.77739500   -0.85565200   -2.77507300
H                  4.48851700    1.15571900    2.07013300
H                  5.41167200    0.48474800    4.26917200
H                  7.10207000   -1.33618700    4.41173700
H                  7.84593500   -2.48596900    2.33379100
H                  6.89357100   -1.82980000    0.14005400
H                  3.11677400   -1.12976000    1.05360800
H                 -1.52204400   -2.13203300    2.31855300
H                 -3.96320000   -1.77351700    2.02544300
H                 -4.77739500    0.85565200    2.77507300
H                 -6.35333900    0.58397100    4.66837500
H                 -8.49329000   -0.64539900    4.34636600
H                 -9.03164100   -1.60832600    2.11541000
H                 -7.43505600   -1.35785900    0.23403100
H                 -4.48851700   -1.15571900   -2.07013300
H                 -5.41167200   -0.48474800   -4.26917200
H                 -7.10207000    1.33618700   -4.41173700
H                 -7.84593500    2.48596900   -2.33379100
H                 -6.89357100    1.82980000   -0.14005400
H                 -3.11677400    1.12976000   -1.05360800