C                 -1.26725100    3.52315700   -4.80022000
C                 -1.50059600    2.27430900   -5.37960700
C                 -1.08501900    1.10667300   -4.74547100
C                 -0.40484500    1.17310300   -3.51834000
N                  0.00000000    0.00000000   -2.84085200
C                  0.40484500   -1.17310300   -3.51834000
C                  1.08501900   -1.10667300   -4.74547100
C                  1.50059600   -2.27430900   -5.37960700
C                  1.26725100   -3.52315700   -4.80022000
C                  0.60448900   -3.58845100   -3.57408400
C                  0.16924400   -2.42832700   -2.93807100
C                  0.00000000    0.00000000   -1.41275700
C                 -1.22678900   -0.01393200   -0.72087400
C                 -2.47987000   -0.05529100   -1.40507600
C                 -3.65970300   -0.03449600   -0.71054400
C                 -3.65970300    0.03449600    0.71054400
C                 -2.47987000    0.05529100    1.40507600
C                 -1.22678900    0.01393200    0.72087400
C                  0.00000000    0.00000000    1.41275700
N                  0.00000000    0.00000000    2.84085200
C                  0.40484500    1.17310300    3.51834000
C                  0.16924400    2.42832700    2.93807100
C                  0.60448900    3.58845100    3.57408400
C                  1.26725100    3.52315700    4.80022000
C                  1.50059600    2.27430900    5.37960700
C                  1.08501900    1.10667300    4.74547100
C                 -0.40484500   -1.17310300    3.51834000
C                 -0.16924400   -2.42832700    2.93807100
C                 -0.60448900   -3.58845100    3.57408400
C                 -1.26725100   -3.52315700    4.80022000
C                 -1.50059600   -2.27430900    5.37960700
C                 -1.08501900   -1.10667300    4.74547100
C                  1.22678900   -0.01393200    0.72087400
C                  2.47987000   -0.05529100    1.40507600
C                  3.65970300   -0.03449600    0.71054400
C                  3.65970300    0.03449600   -0.71054400
C                  2.47987000    0.05529100   -1.40507600
C                  1.22678900    0.01393200   -0.72087400
C                 -0.16924400    2.42832700   -2.93807100
C                 -0.60448900    3.58845100   -3.57408400
H                 -1.59952900    4.43025900   -5.29578700
H                 -2.02559100    2.20339600   -6.32837900
H                 -1.28776300    0.13988500   -5.19320100
H                  1.28776300   -0.13988500   -5.19320100
H                  2.02559100   -2.20339600   -6.32837900
H                  1.59952900   -4.43025900   -5.29578700
H                  0.41316500   -4.55142800   -3.10856700
H                 -0.35384700   -2.48616200   -1.98985100
H                 -2.47826800   -0.09842000   -2.48728300
H                 -4.60416900   -0.06693800   -1.24590500
H                 -4.60416900    0.06693800    1.24590500
H                 -2.47826800    0.09842000    2.48728300
H                 -0.35384700    2.48616200    1.98985100
H                  0.41316500    4.55142800    3.10856700
H                  1.59952900    4.43025900    5.29578700
H                  2.02559100    2.20339600    6.32837900
H                  1.28776300    0.13988500    5.19320100
H                  0.35384700   -2.48616200    1.98985100
H                 -0.41316500   -4.55142800    3.10856700
H                 -1.59952900   -4.43025900    5.29578700
H                 -2.02559100   -2.20339600    6.32837900
H                 -1.28776300   -0.13988500    5.19320100
H                  2.47826800   -0.09842000    2.48728300
H                  4.60416900   -0.06693800    1.24590500
H                  4.60416900    0.06693800   -1.24590500
H                  2.47826800    0.09842000   -2.48728300
H                  0.35384700    2.48616200   -1.98985100
H                 -0.41316500    4.55142800   -3.10856700