N                  3.94633900   -1.70561300   -3.03195300
C                  3.37254500   -1.22724200   -2.14199800
C                  2.67153800   -0.64117200   -1.04203900
C                  3.38316100   -0.00781800   -0.00291400
N                  4.78215900   -0.00762900   -0.00282000
C                  5.60188200    1.13385900   -0.06422900
C                  5.24879500    2.47529700   -0.17559100
C                  6.27759300    3.40924500   -0.23897100
C                  7.63840600    3.03323300   -0.20288500
C                  7.96595400    1.67486000   -0.10929500
C                  6.95323200    0.71855800   -0.04203100
C                  6.95401500   -0.73119400    0.04486000
C                  7.96765100   -1.68507800    0.12841400
C                  7.64176000   -3.04319000    0.23318200
C                  6.28143900   -3.42114300    0.26227900
C                  5.25151100   -2.48927400    0.18437900
C                  5.60302300   -1.14822600    0.06410000
C                  2.67016600    0.62581600    1.03507700
C                  3.36884500    1.21310300    2.13587500
N                  3.93943100    1.69370400    3.02668700
C                  1.26280500    0.62501900    1.04275400
N                  0.58034400    1.23979700    2.12976500
C                  0.15665700    2.59387700    2.01809800
C                  0.81685400    3.67343000    1.44401500
C                  0.11041300    4.86798500    1.31328900
C                 -1.23317800    4.99602600    1.72859600
C                 -1.84078900    3.91777500    2.38666500
C                 -1.14940600    2.72041700    2.54205500
C                 -1.53697400    1.41447500    3.04977700
C                 -2.70533500    0.91583400    3.62208500
C                 -2.78848700   -0.44262700    3.95794600
C                 -1.65903600   -1.26598000    3.77077500
C                 -0.48517300   -0.78842400    3.19576900
C                 -0.45677300    0.54168200    2.79899700
C                  0.55579100   -0.00694100   -0.00547700
N                 -0.85267200   -0.00540900   -0.00739500
C                 -1.67373100   -1.10794400    0.27250200
C                 -1.32158500   -2.39468000    0.65925300
C                 -2.33862300   -3.32485500    0.81504400
C                 -3.69564200   -2.99178200    0.60944800
C                 -4.03297600   -1.66457400    0.31177200
C                 -3.02606100   -0.71132000    0.14909200
C                 -3.02362600    0.70856100   -0.16150400
C                 -4.02711800    1.66582500   -0.32188800
C                 -3.68508100    2.99204600   -0.61854800
C                 -2.32711400    3.32003700   -0.82615000
C                 -1.31344400    2.38582400   -0.67263000
C                 -1.67000600    1.10017800   -0.28625900
C                  1.26425900   -0.63928800   -1.05243300
N                  0.58318500   -1.25109800   -2.14218900
C                 -0.44956800   -0.54760500   -2.81279500
C                 -0.47053800    0.78273400   -3.20919900
C                 -1.64139900    1.26663800   -3.78510300
C                 -2.77500000    0.44930000   -3.97339300
C                 -2.69929100   -0.90971100   -3.63795800
C                 -1.53406400   -1.41465800   -3.06481900
C                 -1.15383700   -2.72269800   -2.55691500
C                 -1.85132000   -3.91671100   -2.40319900
C                 -1.24980800   -4.99840200   -1.74520000
C                  0.09391400   -4.87739400   -1.32824500
C                  0.80641200   -3.68623200   -1.45733800
C                  0.15220100   -2.60301700   -2.03133300
H                  4.21110500    2.78884200   -0.22222300
H                  6.02755300    4.45989900   -0.34472700
H                  9.00718800    1.37061700   -0.06633000
H                  9.00805400   -1.37542600    0.14437100
H                  6.03199000   -4.47561500    0.32077700
H                  4.21406300   -2.80606800    0.20757900
H                  1.84109800    3.59098700    1.09442900
H                  0.60849700    5.72310300    0.86806500
H                 -2.88237400    3.97935200    2.68334300
H                 -3.56865700    1.56034300    3.75590700
H                 -1.71441600   -2.30638100    4.07239200
H                  0.36728800   -1.44113300    3.03975900
H                 -0.28688700   -2.68157400    0.79141100
H                 -2.07940800   -4.35159400    1.04370600
H                 -5.07573400   -1.37813100    0.21771400
H                 -5.07081100    1.38335700   -0.22621300
H                 -2.06421300    4.34596600   -1.05423800
H                 -0.27784900    2.66882300   -0.80611700
H                  0.38529600    1.43084100   -3.05236900
H                 -1.69107200    2.30737900   -4.08657400
H                 -3.56591200   -1.54958600   -3.77272800
H                 -2.89275600   -3.97307500   -2.70143300
H                  0.58730200   -5.73540000   -0.88334500
H                  1.83078300   -3.60914600   -1.10685800
C                  8.70101000    4.06389500   -0.26882700
C                 10.72374800    6.02018200   -0.38916100
C                  8.55766400    5.28984900    0.40024000
C                  9.87830500    3.83849000   -0.99976800
C                 10.88003300    4.80508000   -1.05781900
C                  9.55751000    6.25835300    0.33954700
H                  7.66703500    5.47056200    0.99500700
H                  9.99443800    2.90755300   -1.54713400
H                 11.78006300    4.61272700   -1.63532700
H                  9.42968900    7.19688300    0.87185800
H                 11.50388400    6.77461200   -0.43544800
C                  8.70681200   -4.06994100    0.31781200
C                 10.73746000   -6.01527200    0.48122400
C                  9.88322700   -3.94853000   -0.43875900
C                  8.56853900   -5.18674000    1.15728000
C                  9.57203400   -6.15000400    1.23714800
C                 10.88877100   -4.90935400   -0.35660500
H                  9.99489400   -3.10684100   -1.11601500
H                  7.67803000   -5.28418800    1.77146200
H                  9.44757500   -7.00248900    1.89923400
H                 11.78773400   -4.79945800   -0.95686000
H                 11.52038500   -6.76558700    0.54403600
C                 -4.05977200   -1.02033000    4.45235600
C                 -6.51152300   -2.11347300    5.29504300
C                 -4.48691800   -2.27424400    3.98736600
C                 -4.88259000   -0.32471500    5.35090800
C                 -6.09644500   -0.86754300    5.76939500
C                 -5.70163800   -2.81558300    4.40049200
H                 -3.88053700   -2.80185500    3.26101400
H                 -4.55695600    0.63686100    5.73800900
H                 -6.71720200   -0.31832800    6.47215700
H                 -6.01840900   -3.77650500    4.00471800
H                 -7.46069900   -2.53174300    5.61816600
C                 -2.03059300    6.19448600    1.37660700
C                 -3.65667900    8.35942100    0.58495700
C                 -3.11562600    6.61019500    2.16468100
C                 -1.77274300    6.89868200    0.18829200
C                 -2.57249500    7.97033800   -0.20119600
C                 -3.92254900    7.67444500    1.77101600
H                 -3.32269400    6.10085600    3.10075400
H                 -0.95733600    6.58143500   -0.45489700
H                 -2.35811000    8.49022700   -1.13092000
H                 -4.76098800    7.97092400    2.39474200
H                 -4.29062300    9.18503100    0.27537200
C                 -4.73300300   -4.04588800    0.68596800
C                 -6.69060900   -6.07273700    0.78348900
C                 -4.62332100   -5.11362500    1.59153300
C                 -5.84376300   -4.01942600   -0.17237300
C                 -6.81309400   -5.01870600   -0.12254200
C                 -5.58934400   -6.11572100    1.63942300
H                 -3.77830100   -5.15374600    2.27186100
H                 -5.93052400   -3.22035800   -0.90276500
H                 -7.66034500   -4.97967300   -0.80178200
H                 -5.47994400   -6.93264900    2.34713400
H                 -7.44296700   -6.85541500    0.81904400
C                 -4.71813900    4.05066500   -0.69071500
C                 -6.66655000    6.08683900   -0.77828600
C                 -5.82732400    4.02679400    0.16975900
C                 -4.60533300    5.12058600   -1.59332100
C                 -5.56677300    6.12727900   -1.63625600
C                 -6.79214700    5.03067300    0.12480800
H                 -5.91632600    3.22602700    0.89802200
H                 -3.76139300    5.15905900   -2.27506300
H                 -5.45484900    6.94590100   -2.34159200
H                 -7.63822700    4.99350900    0.80561500
H                 -7.41529600    6.87313800   -0.80997400
C                 -4.04295000    1.03380300   -4.46836600
C                 -6.48863100    2.13971700   -5.31191700
C                 -4.46466600    2.28898700   -4.00185900
C                 -4.86807700    0.34341600   -5.36881700
C                 -6.07891500    0.89259000   -5.78776700
C                 -5.67642200    2.83662300   -4.41540700
H                 -3.85652300    2.81253900   -3.27400100
H                 -4.54655800   -0.61911900   -5.75697500
H                 -6.70150500    0.34737700   -6.49202200
H                 -5.98925700    3.79831300   -4.01838100
H                 -7.43549700    2.56294000   -5.63536500
C                 -2.05379000   -6.19301100   -1.39512500
C                 -3.69323800   -8.34889500   -0.60640500
C                 -3.13927300   -6.60312900   -2.18548700
C                 -1.80206300   -6.89848800   -0.20627800
C                 -2.60851400   -7.96559300    0.18184800
C                 -3.95276400   -7.66293400   -1.79329100
H                 -3.34153400   -6.09290400   -3.12213600
H                 -0.98613200   -6.58559100    0.43838000
H                 -2.39894600   -8.48640200    1.11215300
H                 -4.79135900   -7.95517100   -2.41881600
H                 -4.33241000   -9.17084100   -0.29783900