O                  0.10324800    1.66298900    2.26126900
C                  0.48817500    0.59377300    1.79538400
C                 -0.48817300   -0.59371600    1.79539800
O                 -0.10323400   -1.66293100    2.26127800
C                 -1.85920000   -0.39356500    1.28864700
C                 -2.31103200    0.80871400    0.71685600
C                 -3.60141400    0.91802000    0.22175200
C                 -4.49051600   -0.17115700    0.29085200
N                 -5.79945900   -0.05836100   -0.19986000
C                 -6.47818100   -1.19094400   -0.72879800
C                 -5.82895500   -2.05545500   -1.62020800
C                 -6.50316500   -3.15972500   -2.13617000
C                 -7.83339200   -3.40283700   -1.78849200
C                 -8.48345500   -2.53334500   -0.91057800
C                 -7.81113500   -1.43719600   -0.37532600
C                 -6.47907600    1.19155100   -0.17900400
C                 -7.20084000    1.61487600   -1.30232000
C                 -7.88593500    2.82741300   -1.27459900
C                 -7.84647000    3.63655700   -0.13759500
C                 -7.12200900    3.21629200    0.97967200
C                 -6.44947500    1.99663300    0.96742500
C                 -4.04115000   -1.37819400    0.86570800
C                 -2.74934300   -1.48135400    1.34783800
C                  1.85920200    0.39360600    1.28863700
C                  2.31102400   -0.80868200    0.71686000
C                  3.60140600   -0.91800300    0.22175800
C                  4.49051700    0.17116800    0.29084800
N                  5.79945900    0.05835600   -0.19986000
C                  6.47906300   -1.19156300   -0.17899500
C                  6.44944800   -1.99663900    0.96743900
C                  7.12196900   -3.21630500    0.97969500
C                  7.84643200   -3.63658300   -0.13756500
C                  7.88591200   -2.82744500   -1.27457300
C                  7.20082900   -1.61490100   -1.30230500
C                  6.47819300    1.19092900   -0.72880500
C                  5.82897400    2.05544100   -1.62021900
C                  6.50319400    3.15970200   -2.13618700
C                  7.83342400    3.40280300   -1.78851200
C                  8.48347900    2.53331000   -0.91059300
C                  7.81114800    1.43717000   -0.37533500
C                  4.04115900    1.37821300    0.86569200
C                  2.74935300    1.48138900    1.34781900
H                 -1.64868700    1.66357600    0.66207700
H                 -3.93211100    1.84810200   -0.22581300
H                 -4.79968500   -1.85643000   -1.89980800
H                 -5.98930700   -3.82417600   -2.82503200
H                 -8.35830500   -4.26034200   -2.19857700
H                 -9.51693900   -2.71460300   -0.62927000
H                 -8.31024100   -0.76467400    0.31435900
H                 -7.22180000    0.98754900   -2.18728600
H                 -8.44277200    3.14573700   -2.15136600
H                 -8.37585600    4.58446600   -0.12161300
H                 -7.09049100    3.83325100    1.87316000
H                 -5.89668300    1.66208300    1.83896900
H                 -4.71929600   -2.22104600    0.93489100
H                 -2.40050400   -2.40486300    1.79783800
H                  1.64867300   -1.66353900    0.66208900
H                  3.93209700   -1.84809200   -0.22579700
H                  5.89665400   -1.66207900    1.83897800
H                  7.09043900   -3.83325900    1.87318600
H                  8.37580800   -4.58449700   -0.12157600
H                  8.44275000   -3.14578000   -2.15133600
H                  7.22180100   -0.98757900   -2.18727400
H                  4.79970200    1.85642500   -1.89981800
H                  5.98934200    3.82415500   -2.82505300
H                  8.35834600    4.26030100   -2.19860100
H                  9.51696400    2.71456000   -0.62928600
H                  8.31024800    0.76464700    0.31435500
H                  4.71931200    2.22106100    0.93486800
H                  2.40052000    2.40490500    1.79780900