C                  4.97990500   -3.54907200    0.28211400
C                  3.85149600   -3.36061900    1.08264900
C                  3.11835300   -2.17904700    1.00412000
C                  3.49791600   -1.17537000    0.10213500
N                  2.75489400    0.03244100    0.01511000
C                  3.45295800    1.26741700   -0.06336000
C                  4.56252600    1.50123200    0.76022100
C                  5.25753400    2.70483600    0.67028200
C                  4.84760600    3.69468000   -0.22498500
C                  3.73781200    3.46420300   -1.04027300
C                  3.04833300    2.25601900   -0.97096900
C                  1.34829100    0.00533900   -0.00013800
C                  0.65779900   -1.05804500   -0.60726900
C                 -0.72896500   -1.08387000   -0.61324500
C                 -1.47706700   -0.05007900   -0.02824300
C                 -2.93633800   -0.04412900   -0.02169200
N                 -3.66007200    0.92055300    0.46518300
C                 -5.01202500    0.66529600    0.34217000
C                 -6.03845100    1.51792900    0.77217000
C                 -7.35981600    1.13251800    0.58242500
C                 -7.67359900   -0.09193500   -0.03089300
C                 -6.66958900   -0.95393600   -0.46610700
C                 -5.34311100   -0.56735300   -0.27541100
S                 -3.87110700   -1.41522200   -0.70200900
C                 -0.78141300    1.01541000    0.57185800
C                  0.60304200    1.04212800    0.59225200
C                  4.62631800   -1.36714400   -0.70652300
C                  5.36451400   -2.54411000   -0.60746900
H                  5.55362000   -4.46832500    0.35171700
H                  3.54655300   -4.13108000    1.78522900
H                  2.24970400   -2.02561900    1.63581600
H                  4.87298200    0.73506300    1.46279700
H                  6.11620200    2.87374100    1.31401100
H                  5.38728800    4.63482800   -0.28722100
H                  3.41326800    4.22286900   -1.74686800
H                  2.19420100    2.07075500   -1.61378200
H                  1.21724700   -1.85882000   -1.07719400
H                 -1.23337200   -1.91458800   -1.09898400
H                 -5.78054300    2.46053200    1.24368100
H                 -8.16223600    1.78581300    0.91211100
H                 -8.71350100   -0.37295100   -0.16895600
H                 -6.91522500   -1.89917500   -0.93971800
H                 -1.35402100    1.81132900    1.03461900
H                  1.12254600    1.86408800    1.07188700
H                  4.91753600   -0.58925400   -1.40443600
H                  6.23752900   -2.68039700   -1.23953200