C                  3.64408500    0.69357100   -0.50887200
C                  3.64408500   -0.69357100   -0.50887200
C                  2.43520600   -1.38871600   -0.39128000
C                  1.22454000   -0.70682800   -0.26747900
C                  1.22454000    0.70682800   -0.26747900
C                  2.43520600    1.38871600   -0.39128000
N                  0.00000000    1.39232900   -0.10825300
C                  0.00000000    2.81942800   -0.19565600
C                  0.00000000    3.44582200   -1.46967000
C                  0.00000000    4.81642800   -1.56464500
C                  0.00000000    5.62852600   -0.39853600
C                  0.00000000    7.04615600   -0.46276500
C                  0.00000000    7.80322000    0.68668900
C                  0.00000000    7.17565900    1.95600000
C                  0.00000000    5.80278300    2.05219700
C                  0.00000000    4.99413900    0.88582200
C                  0.00000000    3.57621000    0.95194900
C                 -1.22454000    0.70682800   -0.26747900
C                 -2.43520600    1.38871600   -0.39128000
C                 -3.64408500    0.69357100   -0.50887200
C                 -3.64408500   -0.69357100   -0.50887200
C                 -2.43520600   -1.38871600   -0.39128000
C                 -1.22454000   -0.70682800   -0.26747900
N                  0.00000000   -1.39232900   -0.10825300
C                  0.00000000   -2.81942800   -0.19565600
C                  0.00000000   -3.44582200   -1.46967000
C                  0.00000000   -4.81642800   -1.56464500
C                  0.00000000   -5.62852600   -0.39853600
C                  0.00000000   -7.04615600   -0.46276500
C                  0.00000000   -7.80322000    0.68668900
C                  0.00000000   -7.17565900    1.95600000
C                  0.00000000   -5.80278300    2.05219700
C                  0.00000000   -4.99413900    0.88582200
C                  0.00000000   -3.57621000    0.95194900
H                  4.57221100    1.25004900   -0.59700700
H                  4.57221100   -1.25004900   -0.59700700
H                  2.43412300   -2.47185600   -0.38630700
H                  2.43412300    2.47185600   -0.38630700
H                  0.00000000    2.81985400   -2.35629700
H                  0.00000000    5.29929400   -2.53844800
H                  0.00000000    7.52454700   -1.43888700
H                  0.00000000    8.88762000    0.62428800
H                  0.00000000    7.78432900    2.85559000
H                  0.00000000    5.31662300    3.02429900
H                  0.00000000    3.07853700    1.91712000
H                 -2.43412300    2.47185600   -0.38630700
H                 -4.57221100    1.25004900   -0.59700700
H                 -4.57221100   -1.25004900   -0.59700700
H                 -2.43412300   -2.47185600   -0.38630700
H                  0.00000000   -2.81985400   -2.35629700
H                  0.00000000   -5.29929400   -2.53844800
H                  0.00000000   -7.52454700   -1.43888700
H                  0.00000000   -8.88762000    0.62428800
H                  0.00000000   -7.78432900    2.85559000
H                  0.00000000   -5.31662300    3.02429900
H                  0.00000000   -3.07853700    1.91712000