C                 -0.65147800   -7.79573300    0.00000000
O                  0.49884200   -6.96594000    0.00000000
C                  0.31325100   -5.61583900    0.00000000
C                 -0.93748800   -4.98686400    0.00000000
C                 -1.00549200   -3.59218700    0.00000000
C                  0.15458600   -2.82104900    0.00000000
N                  0.07325900   -1.39600900    0.00000000
C                  0.03792900   -0.70648200    1.22850400
C                  0.07536400   -1.38592500    2.44623800
C                  0.03792900   -0.69225200    3.66172300
C                 -0.03792900    0.69225200    3.66172300
C                 -0.07536400    1.38592500    2.44623800
C                 -0.03792900    0.70648200    1.22850400
N                 -0.07325900    1.39600900    0.00000000
C                 -0.15458600    2.82104900    0.00000000
C                  1.00549200    3.59218700    0.00000000
C                  0.93748800    4.98686400    0.00000000
C                 -0.31325100    5.61583900    0.00000000
O                 -0.49884200    6.96594000    0.00000000
C                  0.65147800    7.79573300    0.00000000
C                 -1.48399900    4.84237700    0.00000000
C                 -1.40199400    3.45713400    0.00000000
C                 -0.03792900    0.70648200   -1.22850400
C                 -0.07536400    1.38592500   -2.44623800
C                 -0.03792900    0.69225200   -3.66172300
C                  0.03792900   -0.69225200   -3.66172300
C                  0.07536400   -1.38592500   -2.44623800
C                  0.03792900   -0.70648200   -1.22850400
C                  1.40199400   -3.45713400    0.00000000
C                  1.48399900   -4.84237700    0.00000000
H                 -1.26606000   -7.63084200   -0.89460500
H                 -0.28052200   -8.82182700    0.00000000
H                 -1.26606000   -7.63084200    0.89460500
H                 -1.85400600   -5.56430200    0.00000000
H                 -1.96931200   -3.09281500    0.00000000
H                  0.13437900   -2.46743800    2.44334500
H                  0.06868300   -1.24854000    4.59372500
H                 -0.06868300    1.24854000    4.59372500
H                 -0.13437900    2.46743800    2.44334500
H                  1.96931200    3.09281500    0.00000000
H                  1.85400600    5.56430200    0.00000000
H                  1.26606000    7.63084200    0.89460500
H                  0.28052200    8.82182700    0.00000000
H                  1.26606000    7.63084200   -0.89460500
H                 -2.44153600    5.35255100    0.00000000
H                 -2.30233900    2.85088400    0.00000000
H                 -0.13437900    2.46743800   -2.44334500
H                 -0.06868300    1.24854000   -4.59372500
H                  0.06868300   -1.24854000   -4.59372500
H                  0.13437900   -2.46743800   -2.44334500
H                  2.30233900   -2.85088400    0.00000000
H                  2.44153600   -5.35255100    0.00000000