C                  4.89068300    4.12296600   -4.57026500
C                  4.81243400    3.07360800   -3.48894100
C                  3.61976200    2.83703700   -2.79417200
C                  3.55116500    1.89860700   -1.76845300
C                  4.68172600    1.14659200   -1.42567400
N                  4.62399000    0.18377600   -0.38102500
C                  5.68238500    0.14171400    0.56814000
C                  6.25544000   -1.07945100    0.94615400
C                  7.29454300   -1.10731700    1.87103500
C                  7.80716200    0.07082500    2.42963000
C                  8.92047300    0.02833800    3.44706600
C                  7.23666400    1.28480800    2.02869700
C                  6.18281700    1.32663400    1.11983300
C                  3.54798900   -0.71398100   -0.29371500
C                  3.11086700   -1.18727100    0.95820200
C                  2.04810000   -2.07629600    1.04288700
C                  1.40211100   -2.49735600   -0.12071900
S                  0.00078000   -3.59772500   -0.00651600
O                 -0.10657100   -4.31277000   -1.29012400
O                  0.10858100   -4.31764700    1.27433000
C                 -1.40131800   -2.49873900    0.11195700
C                 -1.82309300   -2.04692100    1.36401200
C                 -2.89304200   -1.16769700    1.45425300
C                 -3.54837800   -0.71760900    0.29189300
N                 -4.62503300    0.17910800    0.38299800
C                 -5.68398400    0.14055400   -0.56570000
C                 -6.17927700    1.32759100   -1.11825500
C                 -7.22857100    1.28941000   -2.03207900
C                 -7.80310700    0.07730000   -2.43383200
C                 -8.95434700    0.04461300   -3.40856700
C                 -7.29068100   -1.10301300   -1.88034100
C                 -6.25579500   -1.07879500   -0.95018500
C                 -4.68059900    1.14120800    1.42830500
C                 -5.87715000    1.36254200    2.12110300
C                 -5.93428000    2.31786300    3.13142600
C                 -4.80764600    3.06731000    3.49278500
C                 -4.88385800    4.11614600    4.57476000
C                 -3.61529800    2.82843200    2.79825200
C                 -3.54845900    1.89050900    1.77196700
C                 -3.11097000   -1.18562400   -0.96186300
C                 -2.04756900   -2.07358400   -1.05001100
C                  1.82360200   -2.04034700   -1.37098200
C                  2.89293800   -1.16003700   -1.45782000
C                  5.87853700    1.36553600   -2.11872400
C                  5.93749600    2.32136200   -3.12847200
H                  3.92455600    4.25816900   -5.06748400
H                  5.18486000    5.09815100   -4.15964400
H                  5.62980900    3.85650700   -5.33313700
H                  2.73018200    3.40737000   -3.05046600
H                  2.62077300    1.73718200   -1.23374100
H                  5.88265300   -2.00125400    0.51156500
H                  7.72774800   -2.06427100    2.15188400
H                  9.61876400   -0.79024100    3.24215700
H                  9.48890100    0.96395600    3.45737100
H                  8.52831900   -0.12674800    4.46103700
H                  7.61578400    2.21565500    2.44344400
H                  5.74814700    2.27607500    0.82479800
H                  3.61154900   -0.85261700    1.85935800
H                  1.71684900   -2.45102900    2.00527900
H                 -1.33285100   -2.41345100    2.25940100
H                 -3.23793300   -0.82987100    2.42470300
H                 -5.73787600    2.27485700   -0.82620700
H                 -7.59928700    2.22108300   -2.45268200
H                 -8.93535100    0.91042800   -4.07862800
H                 -8.93221100   -0.86078400   -4.02415400
H                 -9.92010900    0.05832500   -2.88589000
H                 -7.71825800   -2.05938500   -2.17140400
H                 -5.88006300   -2.00304300   -0.52340600
H                 -6.75655200    0.78221600    1.86194600
H                 -6.87131200    2.47397000    3.66054900
H                 -5.62396600    3.85097100    5.33713000
H                 -3.91763400    4.24869200    5.07250900
H                 -5.17549200    5.09231500    4.16465800
H                 -2.72450500    3.39658800    3.05517300
H                 -2.61823000    1.72742900    1.23749200
H                 -3.61190200   -0.84778600   -1.86170300
H                 -1.71603000   -2.44430200   -2.01385800
H                  1.33362900   -2.40370700   -2.26780900
H                  3.23754000   -0.81828700   -2.42698300
H                  6.75672900    0.78310300   -1.86016400
H                  6.87469500    2.47567900   -3.65782100