C                  9.61939800    3.41166900   -0.81068200
C                  9.16154800    2.91421200    0.57003400
C                  8.79740000    4.14382100    1.43038900
C                 10.33812200    2.15945700    1.22652000
C                  7.94780300    1.98125800    0.47847800
C                  7.39399000    1.43554300    1.64869800
C                  6.30130000    0.57833100    1.61455900
C                  5.70161100    0.24967100    0.39136500
N                  4.58518200   -0.62922000    0.34236500
C                  4.56279100   -1.65129100   -0.64501200
C                  3.40798500   -1.90639000   -1.38982600
C                  3.39835000   -2.91238400   -2.35500300
C                  4.53622100   -3.68082200   -2.62874000
C                  4.56308300   -4.78814300   -3.68945800
C                  3.21105700   -4.94247900   -4.40478500
C                  5.63547700   -4.45546000   -4.74967100
C                  4.90931200   -6.13344200   -3.01476000
C                  5.69057600   -3.39968800   -1.87912100
C                  5.71003600   -2.41370600   -0.90060200
C                  3.51890700   -0.48239000    1.24433200
C                  3.16641200    0.78901900    1.73513300
C                  2.11271300    0.93181000    2.62785800
C                  1.39244800   -0.19215900    3.03517500
S                  0.00000500   -0.00002200    4.13608200
O                 -0.17796400   -1.27435900    4.85360800
O                  0.17797700    1.27430800    4.85362100
C                 -1.39244000    0.19212700    3.03518100
C                 -2.11270700   -0.93183700    2.62785400
C                 -3.16640800   -0.78903700    1.73513400
C                 -3.51890400    0.48237700    1.24434700
N                 -4.58518100    0.62921600    0.34238400
C                 -5.70161000   -0.24967600    0.39137800
C                 -6.30129600   -0.57834800    1.61457000
C                 -7.39398500   -1.43556100    1.64870300
C                 -7.94780100   -1.98126400    0.47847900
C                 -9.16154600   -2.91421900    0.57002900
C                 -9.61940000   -3.41166100   -0.81069100
C                -10.33811700   -2.15947100    1.22652700
C                 -8.79739500   -4.14383700    1.43037000
C                 -7.34362800   -1.62958300   -0.73443500
C                 -6.23427700   -0.78637400   -0.78336200
C                 -4.56279300    1.65129800   -0.64498300
C                 -5.71003900    2.41371600   -0.90056100
C                 -5.69058100    3.39970700   -1.87907000
C                 -4.53622800    3.68085000   -2.62868800
C                 -4.56309300    4.78818300   -3.68939400
C                 -4.90931900    6.13347400   -3.01468100
C                 -5.63549000    4.45551200   -4.74960800
C                 -3.21106900    4.94252700   -4.40472300
C                 -3.39835600    2.91240900   -2.35496200
C                 -3.40798900    1.90640500   -1.38979600
C                 -2.78975500    1.60682600    1.67710600
C                 -1.73017100    1.46155200    2.56118400
C                  1.73017800   -1.46157900    2.56116500
C                  2.78976000   -1.60684300    1.67708200
C                  6.23427400    0.78638200   -0.78337100
C                  7.34362600    1.62959000   -0.73443900
H                  8.83259100    3.98071700   -1.31810500
H                  9.91888800    2.58299400   -1.46180200
H                 10.48517000    4.07264500   -0.69544200
H                  8.50174400    3.85594600    2.44419900
H                  9.65616600    4.82078300    1.51114800
H                  7.96498700    4.69829000    0.98328700
H                 11.21435100    2.81384700    1.30587700
H                 10.08630800    1.81398900    2.23420600
H                 10.61784200    1.28296700    0.63170900
H                  7.83326300    1.67078600    2.61352700
H                  5.90390500    0.16092400    2.53407300
H                  2.51446200   -1.31775700   -1.20856100
H                  2.48146600   -3.07973400   -2.90810600
H                  2.92181200   -4.02428400   -4.92788600
H                  3.27792400   -5.74211100   -5.15033600
H                  2.41008600   -5.20682600   -3.70561500
H                  5.41059200   -3.50438200   -5.24483100
H                  6.63271800   -4.37424200   -4.30568100
H                  5.67208300   -5.24009800   -5.51473500
H                  5.88517200   -6.09931200   -2.52002900
H                  4.15965600   -6.39369100   -2.25947600
H                  4.93906800   -6.93750600   -3.75969400
H                  6.59721100   -3.97222100   -2.05108300
H                  6.61334500   -2.22399600   -0.33013700
H                  3.72452500    1.65960500    1.41053300
H                  1.84526500    1.90878000    3.01557000
H                 -1.84525800   -1.90881100    3.01555600
H                 -3.72452300   -1.65962000    1.41052700
H                 -5.90389800   -0.16095100    2.53408800
H                 -7.83325600   -1.67081500    2.61353100
H                -10.48517100   -4.07263900   -0.69545500
H                 -8.83259500   -3.98070200   -1.31812400
H                 -9.91889400   -2.58297900   -1.46180000
H                -10.61784000   -1.28297500    0.63172600
H                -10.08630000   -1.81401300    2.23421600
H                -11.21434600   -2.81386200    1.30588100
H                 -7.96498400   -4.69830200    0.98325900
H                 -9.65616100   -4.82080000    1.51112300
H                 -8.50173600   -3.85597400    2.44418100
H                 -7.72685300   -2.02343700   -1.66857800
H                 -5.78006000   -0.53684400   -1.73678200
H                 -6.61334700    2.22399900   -0.33009600
H                 -6.59721700    3.97224300   -2.05102400
H                 -4.93907700    6.93754700   -3.75960500
H                 -5.88517800    6.09933900   -2.51994700
H                 -4.15966200    6.39371500   -2.25939500
H                 -6.63272900    4.37428900   -4.30561600
H                 -5.41060700    3.50443900   -5.24477900
H                 -5.67209700    5.24015800   -5.51466300
H                 -2.92182500    4.02433700   -4.92783500
H                 -2.41009500    5.20686500   -3.70555300
H                 -3.27793700    5.74216700   -5.15026500
H                 -2.48147300    3.07976500   -2.90806600
H                 -2.51446500    1.31777100   -1.20853900
H                 -3.06904300    2.59169500    1.32091800
H                 -1.18269700    2.32901300    2.91363900
H                  1.18270600   -2.32904300    2.91361200
H                  3.06904700   -2.59170900    1.32088400
H                  5.78005500    0.53686200   -1.73679200
H                  7.72684900    2.02345300   -1.66857800