N                  2.92108000    2.21785600    1.46165600
C                  2.08719800    1.57255400    0.97027500
C                  1.04667400    0.76724800    0.42333700
C                 -0.17023500    1.36436400    0.02029400
N                 -0.33441600    2.75777300   -0.00836100
C                  0.63104300    3.55267300   -0.68721200
C                  1.20345000    3.08606700   -1.87640800
C                  2.18654800    3.83551200   -2.51796500
C                  2.58785200    5.06606600   -1.99809400
C                  2.00412900    5.53558600   -0.81957500
C                  1.03906200    4.78233100   -0.15776100
C                 -1.47554300    3.33164500    0.60863700
C                 -2.00521700    2.75161900    1.76885400
C                 -3.15206000    3.28045300    2.35491300
C                 -3.76977100    4.40712100    1.81141800
C                 -3.23067600    4.99408700    0.66474800
C                 -2.09800900    4.45922000    0.05721700
C                 -1.21091100    0.52059900   -0.37290800
F                 -2.36074700    1.06499000   -0.79723100
C                 -1.12532000   -0.87860100   -0.30829300
N                 -2.23130600   -1.68036900   -0.61640000
C                 -2.09621100   -2.75132900   -1.53925100
C                 -2.77928800   -3.95636400   -1.33204400
C                 -2.63740000   -4.99975500   -2.24252900
C                 -1.80335100   -4.86487100   -3.35458200
C                 -1.11662600   -3.66670500   -3.55315200
C                 -1.26823100   -2.60968400   -2.65882700
C                 -3.48277500   -1.37029400   -0.01765300
C                 -4.67384900   -1.50072700   -0.74250800
C                 -5.88825500   -1.17163300   -0.14643600
C                 -5.93155700   -0.69075700    1.16387100
C                 -4.74268600   -0.55445600    1.88102700
C                 -3.52545800   -0.90433300    1.30233700
C                  0.12339100   -1.42614300    0.02446000
F                  0.26033900   -2.76044200    0.01981500
C                  1.22437400   -0.63489700    0.35480000
N                  2.47367400   -1.21709400    0.63307500
C                  3.60321700   -0.76714500   -0.10483400
C                  3.46586400   -0.46040100   -1.46420500
C                  4.55398800    0.02955000   -2.18273900
C                  5.79270000    0.19433400   -1.56289200
C                  5.92986400   -0.12494800   -0.21024500
C                  4.84268600   -0.59235200    0.52205100
C                  2.57801900   -2.22593900    1.62215200
C                  1.76245000   -2.17477700    2.75981500
C                  1.84338400   -3.17682100    3.72363100
C                  2.74897200   -4.22825600    3.57832300
C                  3.56871300   -4.27158500    2.44852500
C                  3.48209700   -3.28585800    1.46955700
H                  0.88379700    2.13342600   -2.28627300
H                  2.63217100    3.45744300   -3.43364800
H                  3.35187600    5.65073700   -2.50130700
H                  2.31921500    6.48504200   -0.39647900
H                  0.61098800    5.12960300    0.77596500
H                 -1.51538100    1.88758200    2.20590100
H                 -3.55530100    2.81437900    3.24955900
H                 -4.65957400    4.82282300    2.27424800
H                 -3.70482500    5.86768200    0.22620400
H                 -1.69616000    4.90390400   -0.84635900
H                 -3.41109500   -4.06829900   -0.45773400
H                 -3.17068700   -5.93055900   -2.07138700
H                 -1.68927300   -5.68506900   -4.05675000
H                 -0.46791500   -3.54583300   -4.41605900
H                 -0.74883800   -1.67082900   -2.82375300
H                 -4.64015200   -1.84937100   -1.76873100
H                 -6.80561900   -1.27459400   -0.71912100
H                 -6.88053500   -0.42407700    1.61889000
H                 -4.75996200   -0.18540900    2.90256000
H                 -2.60356900   -0.81468400    1.86785800
H                  2.50557700   -0.60354500   -1.94942000
H                  4.43331400    0.27044700   -3.23524600
H                  6.64116000    0.57235500   -2.12509600
H                  6.88495800    0.01442700    0.28788700
H                  4.93965900   -0.80537900    1.58064000
H                  1.07398400   -1.34535100    2.88639000
H                  1.20380600   -3.12461000    4.60027500
H                  2.81596300   -5.00386100    4.33513400
H                  4.27314400   -5.08833600    2.31794100
H                  4.10623600   -3.33250700    0.58407700