N                  0.00000000    0.00000000    4.75751400
C                  0.00000000    0.00000000    3.59534000
C                  0.00000000    0.00000000    2.16589900
C                  0.00331400    1.22733700    1.47341300
N                  0.00935300    2.42836400    2.20627200
C                  0.92441000    3.48101800    2.02260700
C                  2.15368600    3.46988800    1.37136600
C                  2.86547700    4.66624500    1.31779800
C                  2.37420200    5.83289700    1.92490500
C                  1.16115500    5.82342600    2.60913800
C                  0.42306900    4.63802600    2.66304000
C                 -0.84628500    4.27564600    3.26395100
C                 -1.81086200    4.99478000    3.97379300
C                 -2.98072300    4.35100600    4.36903900
C                 -3.19160900    2.99791800    4.06091800
C                 -2.24226000    2.25793800    3.35707700
C                 -1.07407600    2.91013600    2.97048700
C                  0.00000000    1.22874900    0.06183500
N                  0.03412000    2.44087700   -0.64997100
C                  1.08599000    2.86271300   -1.48407700
C                  2.24784100    2.19018200   -1.85137400
C                  3.15493900    2.86344800   -2.66781900
C                  2.91529600    4.17893800   -3.09457200
C                  1.76056100    4.85200100   -2.70299700
C                  0.83503900    4.19575600   -1.88786700
C                 -0.41602300    4.59937200   -1.27621100
C                 -1.16847000    5.77605600   -1.31061700
C                 -2.36946600    5.83272800   -0.60726800
C                 -2.83326800    4.71775000    0.10769200
C                 -2.10376100    3.53123300    0.14780900
C                 -0.88523200    3.49695800   -0.52366700
C                  0.00000000    0.00000000   -0.63993200
N                  0.00000000    0.00000000   -2.04482700
C                 -0.95952200    0.61939000   -2.86785300
C                 -2.12336700    1.29669300   -2.51555700
C                 -2.92358500    1.79002600   -3.54433600
C                 -2.58087100    1.59568700   -4.89123700
C                 -1.43043300    0.89008100   -5.23504800
C                 -0.61022300    0.39155900   -4.21971100
C                  0.61022300   -0.39155900   -4.21971100
C                  1.43043300   -0.89008100   -5.23504800
C                  2.58087100   -1.59568700   -4.89123700
C                  2.92358500   -1.79002600   -3.54433600
C                  2.12336700   -1.29669300   -2.51555700
C                  0.95952200   -0.61939000   -2.86785300
C                  0.00000000   -1.22874900    0.06183500
N                 -0.03412000   -2.44087700   -0.64997100
C                 -1.08599000   -2.86271300   -1.48407700
C                 -2.24784100   -2.19018200   -1.85137400
C                 -3.15493900   -2.86344800   -2.66781900
C                 -2.91529600   -4.17893800   -3.09457200
C                 -1.76056100   -4.85200100   -2.70299700
C                 -0.83503900   -4.19575600   -1.88786700
C                  0.41602300   -4.59937200   -1.27621100
C                  1.16847000   -5.77605600   -1.31061700
C                  2.36946600   -5.83272800   -0.60726800
C                  2.83326800   -4.71775000    0.10769200
C                  2.10376100   -3.53123300    0.14780900
C                  0.88523200   -3.49695800   -0.52366700
C                 -0.00331400   -1.22733700    1.47341300
N                 -0.00935300   -2.42836400    2.20627200
C                  1.07407600   -2.91013600    2.97048700
C                  2.24226000   -2.25793800    3.35707700
C                  3.19160900   -2.99791800    4.06091800
C                  2.98072300   -4.35100600    4.36903900
C                  1.81086200   -4.99478000    3.97379300
C                  0.84628500   -4.27564600    3.26395100
C                 -0.42306900   -4.63802600    2.66304000
C                 -1.16115500   -5.82342600    2.60913800
C                 -2.37420200   -5.83289700    1.92490500
C                 -2.86547700   -4.66624500    1.31779800
C                 -2.15368600   -3.46988800    1.37136600
C                 -0.92441000   -3.48101800    2.02260700
H                  2.53991600    2.57162800    0.90499400
H                  3.81432200    4.69116200    0.79089000
H                  2.95178700    6.75044800    1.86580600
H                  0.79021800    6.72333500    3.09120000
H                 -1.65304700    6.04515500    4.20113200
H                 -3.73790500    4.89881200    4.92173400
H                 -4.10858400    2.51150800    4.37984300
H                 -2.41572400    1.21370500    3.12251000
H                  2.45001700    1.17930400   -1.52161800
H                  4.06113700    2.35255200   -2.97913500
H                  3.63993900    4.67637500   -3.73210000
H                  1.58271200    5.87606300   -3.01868200
H                 -0.81927200    6.63302600   -1.87946500
H                 -2.95805000    6.74511500   -0.61823400
H                 -3.77236700    4.77506900    0.64929800
H                 -2.47215600    2.67705000    0.70180400
H                 -2.40334900    1.44799100   -1.48121100
H                 -3.82571000    2.33848700   -3.29078300
H                 -3.22289400    1.99394100   -5.67101700
H                 -1.17407700    0.72320400   -6.27732600
H                  1.17407700   -0.72320400   -6.27732600
H                  3.22289400   -1.99394100   -5.67101700
H                  3.82571000   -2.33848700   -3.29078300
H                  2.40334900   -1.44799100   -1.48121100
H                 -2.45001700   -1.17930400   -1.52161800
H                 -4.06113700   -2.35255200   -2.97913500
H                 -3.63993900   -4.67637500   -3.73210000
H                 -1.58271200   -5.87606300   -3.01868200
H                  0.81927200   -6.63302600   -1.87946500
H                  2.95805000   -6.74511500   -0.61823400
H                  3.77236700   -4.77506900    0.64929800
H                  2.47215600   -2.67705000    0.70180400
H                  2.41572400   -1.21370500    3.12251000
H                  4.10858400   -2.51150800    4.37984300
H                  3.73790500   -4.89881200    4.92173400
H                  1.65304700   -6.04515500    4.20113200
H                 -0.79021800   -6.72333500    3.09120000
H                 -2.95178700   -6.75044800    1.86580600
H                 -3.81432200   -4.69116200    0.79089000
H                 -2.53991600   -2.57162800    0.90499400