O                  0.07508400    4.07446000   -1.28455400
S                  0.00000800    3.35774000    0.00009400
O                 -0.07506300    4.07439600    1.28477700
C                 -1.40410000    2.25680400   -0.08097900
C                 -2.01799800    1.83120300    1.09813000
C                 -3.08312300    0.94267600    1.03797400
C                 -3.55398800    0.47706200   -0.20384700
N                 -4.63410100   -0.42053900   -0.26630800
C                 -4.70344300   -1.39656200   -1.29725700
C                 -5.91539600   -1.63486800   -1.95869100
C                 -5.98758300   -2.60539000   -2.95519800
C                 -4.85391800   -3.33589600   -3.31620800
C                 -3.64485400   -3.09354700   -2.66127600
C                 -3.56800600   -2.13866300   -1.65021300
C                 -5.67797600   -0.36371500    0.69762900
C                 -6.17399100   -1.54477900    1.26496400
C                 -7.21001300   -1.49077000    2.19448400
C                 -7.75030600   -0.26313900    2.58199000
C                 -7.25098900    0.91397500    2.02107300
C                 -6.22868400    0.86811300    1.07610800
C                 -2.93198500    0.92789400   -1.38335200
C                 -1.85943700    1.80680100   -1.32173100
C                  1.40411000    2.25679100    0.08111100
C                  2.01803300    1.83128400   -1.09801700
C                  3.08315300    0.94274500   -1.03790800
C                  3.55398200    0.47702300    0.20388600
N                  4.63409300   -0.42058500    0.26629400
C                  5.67799700   -0.36365300   -0.69760500
C                  6.17401700   -1.54465100   -1.26507100
C                  7.21006300   -1.49053700   -2.19455700
C                  7.75037500   -0.26286200   -2.58189900
C                  7.25105200    0.91418800   -2.02085200
C                  6.22872100    0.86821800   -1.07591900
C                  4.70341000   -1.39671500    1.29714300
C                  3.56796000   -2.13883800    1.65001300
C                  3.64478800   -3.09382900    2.66097700
C                  4.85384200   -3.33626700    3.31589000
C                  5.98752200   -2.60574200    2.95496200
C                  5.91535600   -1.63511400    1.95855700
C                  2.93195600    0.92776600    1.38341300
C                  1.85941700    1.80668700    1.32183800
H                 -1.66052000    2.20146100    2.05281000
H                 -3.55962000    0.60351400    1.95056900
H                 -6.79253600   -1.05878800   -1.68345300
H                 -6.93300500   -2.78103300   -3.46059700
H                 -4.91208100   -4.08650300   -4.09862000
H                 -2.75748400   -3.66114600   -2.92700100
H                 -2.63244500   -1.95935400   -1.13072500
H                 -5.74558200   -2.49665300    0.96906400
H                 -7.58705500   -2.41324700    2.62695800
H                 -8.55283300   -0.22401700    3.31232900
H                 -7.66863200    1.87487100    2.30785200
H                 -5.84974900    1.78113600    0.62881700
H                 -3.30392900    0.59097000   -2.34414400
H                 -1.39379900    2.17457800   -2.22961700
H                  1.66057800    2.20162100   -2.05267500
H                  3.55967200    0.60365600   -1.95051900
H                  5.74559200   -2.49655800   -0.96929700
H                  7.58711100   -2.41296300   -2.62713400
H                  8.55292200   -0.22365600   -3.31221100
H                  7.66871000    1.87511600   -2.30750300
H                  5.84978000    1.78118800   -0.62852700
H                  2.63240400   -1.95946300    1.13053900
H                  2.75740600   -3.66144200    2.92663500
H                  4.91198900   -4.08695700    4.09822400
H                  6.93293900   -2.78145400    3.46034700
H                  6.79250800   -1.05902100    1.68338600
H                  3.30387600    0.59076300    2.34418600
H                  1.39376300    2.17439400    2.22974400