F                 -7.56308300    1.27675900   -0.00054400
C                 -7.10889500    0.00206200   -0.00004600
F                 -7.63107800   -0.60086700    1.09031200
F                 -7.63105000   -0.60171100   -1.08995100
C                 -5.60564200   -0.04666400   -0.00000600
C                 -4.91126600   -0.04024400    1.21198100
C                 -3.51887700   -0.02866100    1.21050300
C                 -2.82146400   -0.02213200    0.00002600
N                 -1.39522500   -0.01108900    0.00004400
C                 -0.69717600   -1.23633900    0.00004600
C                 -1.36861800   -2.45898600    0.00010900
C                 -0.66415600   -3.66825500    0.00005700
C                  0.72250700   -3.65720700   -0.00005900
C                  1.40760000   -2.43687000   -0.00008800
C                  0.71672500   -1.22510100    0.00000300
N                  1.39522500    0.01108900    0.00002300
C                  2.82146400    0.02213200    0.00001200
C                  3.51887200    0.02854300    1.21049200
C                  4.91126200    0.04012300    1.21197700
C                  5.60564200    0.04666400   -0.00000700
C                  7.10889500   -0.00206100   -0.00004000
F                  7.63105900    0.60175400   -1.08991600
F                  7.56308300   -1.27675900   -0.00058300
F                  7.63106900    0.60082500    1.09034700
C                  4.91123400    0.04140500   -1.21198100
C                  3.51884400    0.02979500   -1.21047600
C                  0.69717600    1.23633900    0.00005200
C                  1.36861800    2.45898600    0.00013300
C                  0.66415600    3.66825500    0.00011200
C                 -0.72250700    3.65720700    0.00001400
C                 -1.40760000    2.43687000   -0.00002700
C                 -0.71672500    1.22510100    0.00002800
C                 -3.51884000   -0.02967700   -1.21046500
C                 -4.91122900   -0.04128400   -1.21197600
H                 -5.45850400   -0.05204500    2.14812800
H                 -2.96013800   -0.02744300    2.14056300
H                 -2.45184700   -2.46730500    0.00019400
H                 -1.21328500   -4.60463400    0.00010400
H                  1.28651200   -4.58469500   -0.00012700
H                  2.49083100   -2.42793300   -0.00018100
H                  2.96013000    0.02723400    2.14055000
H                  5.45849600    0.05183200    2.14812700
H                  5.45844600    0.05408900   -2.14813100
H                  2.96008200    0.02944500   -2.14052200
H                  2.45184700    2.46730500    0.00021000
H                  1.21328500    4.60463400    0.00017100
H                 -1.28651200    4.58469500   -0.00002700
H                 -2.49083100    2.42793200   -0.00009700
H                 -2.96007400   -0.02923600   -2.14051000
H                 -5.45843800   -0.05387600   -2.14813000