N                  0.00000000    0.00000000    3.99656800
C                  0.00000000    0.00000000    2.83246400
C                  0.00000000    0.00000000    1.40333800
C                  0.00000000    1.23738100    0.71944100
C                  0.00000000    2.48620800    1.40700200
C                  0.00000000    3.66603600    0.71094400
C                  0.00000000    3.66603600   -0.71094400
C                  0.00000000    2.48620800   -1.40700200
C                  0.00000000    1.23738100   -0.71944100
C                  0.00000000    0.00000000   -1.40333800
C                  0.00000000    0.00000000   -2.83246400
N                  0.00000000    0.00000000   -3.99656800
C                  0.00000000   -1.23738100   -0.71944100
C                  0.00000000   -2.48620800   -1.40700200
C                  0.00000000   -3.66603600   -0.71094400
C                  0.00000000   -3.66603600    0.71094400
C                  0.00000000   -2.48620800    1.40700200
C                  0.00000000   -1.23738100    0.71944100
H                  0.00000000    2.48307100    2.49201000
H                  0.00000000    4.60995800    1.24720800
H                  0.00000000    4.60995800   -1.24720800
H                  0.00000000    2.48307100   -2.49201000
H                  0.00000000   -2.48307100   -2.49201000
H                  0.00000000   -4.60995800   -1.24720800
H                  0.00000000   -4.60995800    1.24720800
H                  0.00000000   -2.48307100    2.49201000