C                 -7.60130700    2.23025200    0.66256100
N                 -6.59111200    2.74666200   -0.24206100
C                 -6.77597600    4.08911400   -0.76197100
C                 -5.30258400    2.22546100   -0.17655500
C                 -5.01701300    1.05465000    0.55892100
C                 -3.73350900    0.52418400    0.59056200
C                 -2.66386300    1.12379300   -0.09010600
C                 -1.30037500    0.55078000   -0.04389000
C                 -0.17229400    1.38235200   -0.03750500
C                  1.12571700    0.85482200   -0.00911300
C                  2.30493000    1.74845100    0.01305800
C                  2.28959500    2.97204100    0.69833000
C                  3.39344700    3.81506500    0.72444200
C                  4.58475200    3.47630300    0.04672500
N                  5.68457300    4.32887200    0.03941600
C                  5.70059900    5.45680300    0.95231000
C                  6.96298900    3.81528900   -0.41728000
C                  4.60845900    2.23852800   -0.63204000
C                  3.49494300    1.40824200   -0.64658700
C                  1.28176100   -0.53790600    0.02030500
C                  0.17554000   -1.39854400    0.00787100
C                  0.35984800   -2.86622300    0.03191600
C                 -0.53310700   -3.70864000    0.71019500
C                 -0.36961800   -5.08774600    0.73549300
C                  0.71907700   -5.70403400    0.08095600
N                  0.90826600   -7.08176100    0.12826300
C                 -0.17791400   -7.92002100    0.60180400
C                  1.88513400   -7.68431100   -0.75964700
C                  1.61213800   -4.86035000   -0.61477000
C                  1.43227300   -3.48301200   -0.62874900
C                 -1.10853500   -0.83761500   -0.02787500
C                 -2.94818900    2.29454000   -0.80817700
C                 -4.22525100    2.83930600   -0.85180000
H                 -8.54920300    2.73400400    0.46306200
H                 -7.75702600    1.15804900    0.49925300
H                 -7.34520400    2.37897000    1.72461800
H                 -6.22565400    4.85161200   -0.18675700
H                 -7.83866300    4.33803800   -0.73584400
H                 -6.44861800    4.15169400   -1.80588700
H                 -5.79664900    0.55718200    1.12244000
H                 -3.55113600   -0.36513600    1.18730900
H                 -0.30666300    2.45916900   -0.05501200
H                  1.40149500    3.25902400    1.25417100
H                  3.32694500    4.73674700    1.28918500
H                  5.64730800    5.15471800    2.01130900
H                  6.62138400    6.02386900    0.80174100
H                  4.86120100    6.13144800    0.75047300
H                  7.70984700    4.60888400   -0.35109900
H                  7.31602400    2.95484200    0.17444500
H                  6.90580400    3.50358500   -1.46628200
H                  5.49730400    1.92185400   -1.16366300
H                  3.54575800    0.47703500   -1.20378900
H                  2.27857700   -0.95775100    0.10916700
H                 -1.36844800   -3.27242400    1.25061500
H                 -1.09092400   -5.68464400    1.27988700
H                 -1.09586200   -7.81295900    0.00096000
H                  0.13710500   -8.96476300    0.56685500
H                 -0.42613200   -7.68560100    1.64310100
H                  2.88713700   -7.28830700   -0.56042000
H                  1.65898600   -7.51732200   -1.82574100
H                  1.91520000   -8.76055300   -0.57838500
H                  2.44797800   -5.27857500   -1.16185500
H                  2.12833300   -2.87185900   -1.19633400
H                 -1.97125000   -1.49214700   -0.09933300
H                 -2.15424000    2.78238100   -1.36644400
H                 -4.38279900    3.74309300   -1.42738000