N                  2.75442200   -3.41327800    0.25907300
C                  2.14513200   -2.43910600    0.08264700
C                  1.38537200   -1.25050800   -0.14416100
C                  2.05003200   -0.05706700   -0.48895200
N                  3.45091500   -0.01848400   -0.61137300
C                  4.09111600   -0.82579100   -1.58448500
C                  5.32713900   -1.42898700   -1.31990300
C                  5.93086900   -2.22236500   -2.29056900
C                  5.30865700   -2.44120600   -3.52163400
C                  4.07338600   -1.84612600   -3.77839100
C                  3.46943400   -1.03237600   -2.82292800
C                  4.17877300    0.71971400    0.36404300
C                  5.27351700    1.50541200   -0.01289600
C                  5.96019200    2.23954700    0.94923900
C                  5.55254300    2.21595400    2.28552200
C                  4.45765400    1.43579500    2.65681000
C                  3.77751100    0.67791200    1.70507900
C                  1.29248500    1.12260000   -0.60044600
C                  1.95436800    2.36135200   -0.85950500
N                  2.49693500    3.36666400   -1.07515200
C                 -0.11161600    1.10340700   -0.43384400
N                 -0.82070200    2.33390300   -0.36571600
C                 -0.91709300    2.94706500    0.91106200
C                 -0.06418700    2.58665100    1.96571900
C                 -0.21926500    3.16676000    3.22373200
C                 -1.20924100    4.11972500    3.45170700
C                 -2.04829800    4.48831800    2.39756100
C                 -1.91254100    3.90807800    1.14200400
C                 -1.05643600    3.08313300   -1.55882500
C                 -1.77021200    2.50076700   -2.61001000
C                 -1.98729400    3.21577500   -3.78764600
C                 -1.51989800    4.52329600   -3.91471800
C                 -0.82071900    5.10893900   -2.85609600
C                 -0.57859200    4.39387400   -1.68688200
C                 -0.77772500   -0.11168900   -0.20021600
N                 -2.19158200   -0.20167900   -0.22745200
C                 -2.78996200   -0.79407300   -1.36627500
C                 -2.07711700   -0.92733500   -2.56926300
C                 -2.67133900   -1.52291700   -3.68036200
C                 -3.98108600   -1.99361800   -3.61921200
C                 -4.68727900   -1.86910800   -2.42052000
C                 -4.10340600   -1.28406800   -1.30315600
C                 -2.96986100    0.49613900    0.73774400
C                 -2.66010300    0.36295600    2.09374700
C                 -3.39268300    1.06467000    3.04964900
C                 -4.45890700    1.87551900    2.66532500
C                 -4.77574600    1.99641900    1.31018500
C                 -4.02912700    1.32499800    0.34711900
C                 -0.00708800   -1.26785300    0.08457000
N                 -0.55097200   -2.35927000    0.78898200
C                 -1.60694200   -3.15814700    0.27394100
C                 -1.51338400   -3.68246900   -1.01750400
C                 -2.54188300   -4.47746200   -1.51955200
C                 -3.65049800   -4.77544100   -0.72833900
C                 -3.73654800   -4.25649700    0.56597400
C                 -2.72554000   -3.44135600    1.06598000
C                 -0.01994400   -2.62244500    2.08285300
C                  0.06639300   -3.93647900    2.55861900
C                  0.58532900   -4.18416700    3.82623500
C                  1.04272600   -3.13655500    4.62833300
C                  0.96602800   -1.82859900    4.14972700
C                  0.43106800   -1.56635500    2.89026800
H                  5.79693200   -1.28586200   -0.35356200
H                  6.88684900   -2.69006400   -2.07323200
H                  5.78119500   -3.06929200   -4.27057100
H                  3.58048800   -2.00098200   -4.73403000
H                  2.52085900   -0.54823200   -3.03328900
H                  5.56386900    1.54659300   -1.05691200
H                  6.80450600    2.85299600    0.64861700
H                  6.08412100    2.80204300    3.02902600
H                  4.13866400    1.40019800    3.69466900
H                  2.94807400    0.04232200    1.99987500
H                  0.73133000    1.86803200    1.80940300
H                  0.45375600    2.87394800    4.02502900
H                 -1.32505000    4.57198200    4.43196100
H                 -2.83296700    5.22261100    2.55721000
H                 -2.58622900    4.17767500    0.33780800
H                 -2.16237400    1.49826500   -2.50275800
H                 -2.53943700    2.74874600   -4.59849600
H                 -1.69696600    5.08272400   -4.82862000
H                 -0.44069500    6.12234500   -2.94774600
H                 -0.00876600    4.83501400   -0.87770800
H                 -1.05761500   -0.56581800   -2.63751100
H                 -2.09952400   -1.61121400   -4.60000200
H                 -4.44392300   -2.45395800   -4.48668100
H                 -5.70165800   -2.25044000   -2.34456200
H                 -4.65200200   -1.22066000   -0.37188100
H                 -1.84937200   -0.28928700    2.39525100
H                 -3.12843900    0.96841600    4.09840100
H                 -5.03230200    2.41663300    3.41182100
H                 -5.59445600    2.63837100    0.99703800
H                 -4.25235800    1.44571300   -0.70708200
H                 -0.63556800   -3.46597400   -1.61705400
H                 -2.47076000   -4.86687300   -2.53013100
H                 -4.44700700   -5.40144000   -1.11924700
H                 -4.60270300   -4.47430900    1.18442100
H                 -2.79307700   -3.01740600    2.06219600
H                 -0.26076900   -4.75413300    1.92687700
H                  0.65238000   -5.20904800    4.17960200
H                  1.45621500   -3.33832200    5.61158000
H                  1.31069600   -1.00023800    4.76244400
H                  0.36198000   -0.54373300    2.53467500