C                  0.66074700   -7.90294400    0.00000000
O                 -0.49238300   -7.07884200    0.00000000
C                 -0.30975200   -5.72611200    0.00000000
C                  0.93718500   -5.09237300    0.00000000
C                  1.00000200   -3.69668200    0.00000000
C                 -0.15653400   -2.91350100    0.00000000
C                 -0.07569800   -1.42343700    0.00000000
C                 -0.03866100   -0.72127200    1.22143000
C                 -0.07577500   -1.40106600    2.48017200
C                 -0.03866100   -0.71030600    3.66152500
C                  0.03866100    0.71030600    3.66152500
C                  0.07577500    1.40106600    2.48017200
C                  0.03866100    0.72127200    1.22143000
C                  0.07569800    1.42343700    0.00000000
C                  0.15653400    2.91350100    0.00000000
C                  1.39877300    3.56774100    0.00000000
C                  1.47960500    4.95375800    0.00000000
C                  0.30975200    5.72611200    0.00000000
O                  0.49238300    7.07884200    0.00000000
C                 -0.66074700    7.90294400    0.00000000
C                 -0.93718500    5.09237300    0.00000000
C                 -1.00000200    3.69668200    0.00000000
C                  0.03866100    0.72127200   -1.22143000
C                  0.07577500    1.40106600   -2.48017200
C                  0.03866100    0.71030600   -3.66152500
C                 -0.03866100   -0.71030600   -3.66152500
C                 -0.07577500   -1.40106600   -2.48017200
C                 -0.03866100   -0.72127200   -1.22143000
C                 -1.39877300   -3.56774100    0.00000000
C                 -1.47960500   -4.95375800    0.00000000
H                  0.29518300   -8.93114800    0.00000000
H                  1.27565800   -7.73574100   -0.89426900
H                  1.27565800   -7.73574100    0.89426900
H                  1.85644200   -5.66595000    0.00000000
H                  1.96997000   -3.20763800    0.00000000
H                 -0.13463800   -2.48361600    2.47955500
H                 -0.06822500   -1.24670900    4.60586900
H                  0.06822500    1.24670900    4.60586900
H                  0.13463800    2.48361600    2.47955500
H                  2.30898900    2.97504400    0.00000000
H                  2.43734900    5.46411300    0.00000000
H                 -1.27565800    7.73574100    0.89426900
H                 -1.27565800    7.73574100   -0.89426900
H                 -0.29518300    8.93114800    0.00000000
H                 -1.85644200    5.66595000    0.00000000
H                 -1.96997000    3.20763800    0.00000000
H                  0.13463800    2.48361600   -2.47955500
H                  0.06822500    1.24670900   -4.60586900
H                 -0.06822500   -1.24670900   -4.60586900
H                 -0.13463800   -2.48361600   -2.47955500
H                 -2.30898900   -2.97504400    0.00000000
H                 -2.43734900   -5.46411300    0.00000000