C                 -5.72461500    0.00000000    0.00000000
C                 -5.02376600    0.00000000    1.20700200
C                 -3.62884200    0.00000000    1.20628300
C                 -2.91644400    0.00000000    0.00000000
C                 -1.42351000    0.00000000    0.00000000
C                 -0.72259900    1.22181200    0.00000000
C                 -1.40317900    2.48039200    0.00000000
C                 -0.71122000    3.66164300    0.00000000
C                  0.71122000    3.66164300    0.00000000
C                  1.40317900    2.48039200    0.00000000
C                  0.72259900    1.22181200    0.00000000
C                  1.42351000    0.00000000    0.00000000
C                  2.91644400    0.00000000    0.00000000
C                  3.62884200    0.00000000    1.20628300
C                  5.02376600    0.00000000    1.20700200
C                  5.72461500    0.00000000    0.00000000
C                  5.02376600    0.00000000   -1.20700200
C                  3.62884200    0.00000000   -1.20628300
C                  0.72259900   -1.22181200    0.00000000
C                  1.40317900   -2.48039200    0.00000000
C                  0.71122000   -3.66164300    0.00000000
C                 -0.71122000   -3.66164300    0.00000000
C                 -1.40317900   -2.48039200    0.00000000
C                 -0.72259900   -1.22181200    0.00000000
C                 -3.62884200    0.00000000   -1.20628300
C                 -5.02376600    0.00000000   -1.20700200
H                 -6.81096500    0.00000000    0.00000000
H                 -5.56282000    0.00000000    2.15039700
H                 -3.07970400    0.00000000    2.14350400
H                 -2.48738900    2.48098700    0.00000000
H                 -1.24914400    4.60550600    0.00000000
H                  1.24914400    4.60550600    0.00000000
H                  2.48738900    2.48098700    0.00000000
H                  3.07970400    0.00000000    2.14350400
H                  5.56282000    0.00000000    2.15039700
H                  6.81096500    0.00000000    0.00000000
H                  5.56282000    0.00000000   -2.15039700
H                  3.07970400    0.00000000   -2.14350400
H                  2.48738900   -2.48098700    0.00000000
H                  1.24914400   -4.60550600    0.00000000
H                 -1.24914400   -4.60550600    0.00000000
H                 -2.48738900   -2.48098700    0.00000000
H                 -3.07970400    0.00000000   -2.14350400
H                 -5.56282000    0.00000000   -2.15039700