O                 -2.28220500    0.20420600    3.52941100
C                 -1.24895900    0.11271800    2.89014000
C                 -1.22741200    0.11208800    1.40491300
C                 -2.41671600    0.22217000    0.70339500
C                 -2.41671600    0.22217000   -0.70339500
C                 -1.22741200    0.11208800   -1.40491300
C                  0.00000000    0.00000000   -0.71039100
C                  1.22741200   -0.11208800   -1.40491300
C                  2.41671600   -0.22217000   -0.70339500
C                  2.41671600   -0.22217000    0.70339500
C                  1.22741200   -0.11208800    1.40491300
C                  0.00000000    0.00000000    0.71039100
C                  1.24895900   -0.11271800    2.89014000
O                  2.28220500   -0.20420600    3.52941100
N                  0.00000000    0.00000000    3.53509800
C                  0.00000000    0.00000000    4.97984500
C                 -0.47192200   -1.11583800    5.66595700
C                 -0.47383500   -1.11205100    7.05969200
C                  0.00000000    0.00000000    7.75734000
C                  0.47383500    1.11205100    7.05969200
C                  0.47192200    1.11583800    5.66595700
C                  1.24895900   -0.11271800   -2.89014000
O                  2.28220500   -0.20420600   -3.52941100
N                  0.00000000    0.00000000   -3.53509800
C                  0.00000000    0.00000000   -4.97984500
C                  0.47192200    1.11583800   -5.66595700
C                  0.47383500    1.11205100   -7.05969200
C                  0.00000000    0.00000000   -7.75734000
C                 -0.47383500   -1.11205100   -7.05969200
C                 -0.47192200   -1.11583800   -5.66595700
C                 -1.24895900    0.11271800   -2.89014000
O                 -2.28220500    0.20420600   -3.52941100
H                 -3.34200900    0.30722400    1.26227600
H                 -3.34200900    0.30722400   -1.26227600
H                  3.34200900   -0.30722400   -1.26227600
H                  3.34200900   -0.30722400    1.26227600
H                 -0.83879200   -1.97205300    5.10986300
H                 -0.84494200   -1.97823500    7.59920400
H                  0.00000000    0.00000000    8.84341800
H                  0.84494200    1.97823500    7.59920400
H                  0.83879200    1.97205300    5.10986300
H                  0.83879200    1.97205300   -5.10986300
H                  0.84494200    1.97823500   -7.59920400
H                  0.00000000    0.00000000   -8.84341800
H                 -0.84494200   -1.97823500   -7.59920400
H                 -0.83879200   -1.97205300   -5.10986300