C                  0.00000000    2.42147000    2.88239400
C                  0.00000000    1.23165500    3.57180200
C                  0.00000000    0.00000000    2.87136000
C                  0.00000000   -1.23165500    3.57180200
C                  0.00000000   -2.42147000    2.88239400
C                  0.00000000   -2.42623400    1.47658000
C                  0.00000000   -1.24860900    0.73712600
C                  0.00000000   -1.24860900   -0.73712600
C                  0.00000000   -2.42623400   -1.47658000
C                  0.00000000   -2.42147000   -2.88239400
C                  0.00000000   -1.23165500   -3.57180200
C                  0.00000000    0.00000000   -2.87136000
C                  0.00000000    1.23165500   -3.57180200
C                  0.00000000    2.42147000   -2.88239400
C                  0.00000000    2.42623400   -1.47658000
C                  0.00000000    1.24860900   -0.73712600
C                  0.00000000    1.24860900    0.73712600
C                  0.00000000    2.42623400    1.47658000
C                  0.00000000    0.00000000    1.43738100
C                  0.00000000    0.00000000   -1.43738100
H                  0.00000000    3.36669800    3.41757000
H                  0.00000000    1.21600000    4.65835200
H                  0.00000000   -1.21600000    4.65835200
H                  0.00000000   -3.36669800    3.41757000
H                  0.00000000   -3.38557900    0.97296600
H                  0.00000000   -3.38557900   -0.97296600
H                  0.00000000   -3.36669800   -3.41757000
H                  0.00000000   -1.21600000   -4.65835200
H                  0.00000000    1.21600000   -4.65835200
H                  0.00000000    3.36669800   -3.41757000
H                  0.00000000    3.38557900   -0.97296600
H                  0.00000000    3.38557900    0.97296600