C                  9.98025400   -0.80922200    2.39640800
C                  9.22467300   -0.37384000    1.16462100
C                  9.90277200   -0.00000900   -0.00025000
C                  9.22449200    0.37383900   -1.16502200
C                  9.97992700    0.80930000   -2.39687100
C                  7.82724900    0.36258700   -1.15598000
C                  7.14501300    0.00001100   -0.00003200
N                  5.70055500   -0.00000100    0.00004600
C                  5.05123600   -1.24919900    0.00437500
O                  5.68817900   -2.29032300    0.00902000
C                  3.56995300   -1.22308000    0.00311200
C                  2.87667000   -2.42023100    0.00424500
C                  1.47860100   -2.42926900    0.00276100
C                  0.73411700   -1.24905100    0.00083600
C                 -0.73411300   -1.24905300   -0.00059200
C                 -1.47859300   -2.42927300   -0.00241900
C                 -2.87666300   -2.42023800   -0.00391400
C                 -3.56994700   -1.22308800   -0.00289600
C                 -2.85869400   -0.00001000    0.00000200
C                 -3.56995000    1.22306700    0.00286000
C                 -2.87666800    2.42021800    0.00391100
C                 -1.47859800    2.42925500    0.00249400
C                 -0.73411600    1.24903600    0.00070400
C                  0.73411400    1.24903800   -0.00065700
C                  1.47859300    2.42925900   -0.00253700
C                  2.87666300    2.42022400   -0.00396700
C                  3.56994800    1.22307500   -0.00284000
C                  2.85869600   -0.00000300    0.00012000
C                  1.43028900   -0.00000600    0.00009800
C                  5.05123100    1.24919800   -0.00408200
O                  5.68817000    2.29032500   -0.00854400
C                 -1.43028800   -0.00000900    0.00003800
C                 -5.05123100    1.24918700    0.00406400
O                 -5.68817300    2.29031200    0.00845700
N                 -5.70055100   -0.00001500   -0.00001400
C                 -7.14500800   -0.00000900   -0.00003100
C                 -7.82732800   -0.36282500   -1.15584300
C                 -9.22457900   -0.37406600   -1.16477800
C                 -9.98010800   -0.80970600   -2.39650700
C                 -9.90276700    0.00001900   -0.00003500
C                 -9.22457500    0.37409200    1.16471400
C                 -9.98010800    0.80975000    2.39643300
C                 -7.82732800    0.36282300    1.15578200
C                 -5.05122900   -1.24921200   -0.00418800
O                 -5.68816600   -2.29034100   -0.00871700
C                  7.82741600   -0.36258300    1.15579600
H                  9.46558400   -0.49858800    3.31179500
H                 10.07809100   -1.90201400    2.43289400
H                 10.99052000   -0.38824600    2.41466400
H                 10.99080300   -0.00002800   -0.00032400
H                 10.08009500    1.90192900   -2.43192900
H                 10.98929100    0.38621200   -2.41657800
H                  9.46380900    0.50101100   -3.31222400
H                  7.26733200    0.64621500   -2.04171700
H                  3.44076300   -3.34632400    0.00624900
H                  0.97801200   -3.38952900    0.00365800
H                 -0.97800200   -3.38953200   -0.00322900
H                 -3.44075300   -3.34633300   -0.00584300
H                 -3.44076000    3.34631200    0.00580100
H                 -0.97800800    3.38951500    0.00333300
H                  0.97800100    3.38951700   -0.00343900
H                  3.44075300    3.34631900   -0.00593200
H                 -7.26747300   -0.64668500   -2.04154500
H                 -9.46439700   -0.50096100   -3.31193900
H                -10.07970400   -1.90237800   -2.43175700
H                -10.98969500   -0.38713300   -2.41586700
H                -10.99079900    0.00002800   -0.00003700
H                 -9.46426300    0.50125400    3.31187300
H                -10.98960300    0.38696400    2.41593000
H                -10.07994200    1.90240600    2.43152600
H                 -7.26746700    0.64666600    2.04148600
H                  7.26761700   -0.64624200    2.04159900