C                 -1.66516300    4.34710000    0.00000100
C                 -1.54340400    3.66001300   -1.20951500
C                 -1.29986500    2.28660500   -1.21112800
C                 -1.17987900    1.60353600    0.00000100
N                 -0.92607300    0.19037600    0.00000100
C                 -2.04617600   -0.66763500    0.00000000
C                 -3.34327000   -0.12324800   -0.00000200
C                 -4.47382200   -0.93585200   -0.00000300
C                 -4.34522800   -2.32201600   -0.00000200
C                 -3.06832100   -2.87639500   -0.00000100
C                 -1.92791400   -2.07004700    0.00000000
S                 -0.37329100   -2.92358100    0.00000300
C                  0.80180000   -1.59517300    0.00000100
C                  2.12967400   -1.95719800    0.00000100
C                  3.17264600   -0.99931800    0.00000000
C                  4.54355700   -1.35638700    0.00000000
C                  5.52134600   -0.38499800   -0.00000100
C                  5.16313200    0.98359500   -0.00000200
C                  3.83661900    1.35754000   -0.00000100
C                  2.80863600    0.38050300   -0.00000100
C                  1.43660900    0.73248200    0.00000000
C                  0.42447900   -0.21444000    0.00000000
C                 -1.29986600    2.28660500    1.21113000
C                 -1.54340400    3.66001200    1.20951700
H                 -1.85463900    5.41654800    0.00000100
H                 -1.63761500    4.19256500   -2.15130800
H                 -1.20061400    1.73410300   -2.14010400
H                 -3.46703500    0.95141800   -0.00000200
H                 -5.45592300   -0.47249200   -0.00000400
H                 -5.21902900   -2.96571000   -0.00000300
H                 -2.94321600   -3.95607100    0.00000000
H                  2.39069400   -3.01293700    0.00000100
H                  4.81068200   -2.41030900    0.00000000
H                  6.57018800   -0.66727700   -0.00000100
H                  5.94083100    1.74213200   -0.00000200
H                  3.55921900    2.40879300   -0.00000200
H                  1.18673400    1.78553200   -0.00000100
H                 -1.20061500    1.73410200    2.14010600
H                 -1.63761600    4.19256500    2.15131000