C                  0.00000000    0.00000000   -4.45139500
C                 -1.20938100    0.00000000   -3.75332700
C                 -1.21069800    0.00000000   -2.35852600
C                  0.00000000    0.00000000   -1.66312300
N                  0.00000000    0.00000000   -0.22887000
C                  0.00000000    1.25441900    0.42079300
C                  0.00000000    2.43505700   -0.34220900
C                  0.00000000    3.69204700    0.25918800
C                  0.00000000    3.80831300    1.64528900
C                  0.00000000    2.64706300    2.41502600
C                  0.00000000    1.38319800    1.82278800
S                  0.00000000    0.00000000    2.93944100
C                  0.00000000   -1.38319800    1.82278800
C                  0.00000000   -2.64706300    2.41502600
C                  0.00000000   -3.80831300    1.64528900
C                  0.00000000   -3.69204700    0.25918800
C                  0.00000000   -2.43505700   -0.34220900
C                  0.00000000   -1.25441900    0.42079300
C                  1.21069800    0.00000000   -2.35852600
C                  1.20938100    0.00000000   -3.75332700
H                  0.00000000    0.00000000   -5.53747800
H                 -2.15137500    0.00000000   -4.29391400
H                 -2.13984300    0.00000000   -1.79729400
H                  0.00000000    2.36748400   -1.42185500
H                  0.00000000    4.57745000   -0.36956600
H                  0.00000000    4.78120100    2.12636400
H                  0.00000000    2.71339100    3.49994000
H                  0.00000000   -2.71339100    3.49994000
H                  0.00000000   -4.78120100    2.12636400
H                  0.00000000   -4.57745000   -0.36956600
H                  0.00000000   -2.36748400   -1.42185500
H                  2.13984300    0.00000000   -1.79729400
H                  2.15137500    0.00000000   -4.29391400