C                  0.00000000    0.00000000   -4.37457500
C                  1.20953400    0.00000000   -3.67701800
C                  1.21113700    0.00000000   -2.28226300
C                  0.00000000    0.00000000   -1.58612900
N                  0.00000000    0.00000000   -0.15825500
C                  0.00000000    1.21430400    0.54913700
C                  0.00000000    2.45755300   -0.08972000
C                  0.00000000    3.64089500    0.65438000
C                  0.00000000    3.59827900    2.04464600
C                  0.00000000    2.35947200    2.69344900
C                  0.00000000    1.18627700    1.95540100
O                  0.00000000    0.00000000    2.66311000
C                  0.00000000   -1.18627700    1.95540100
C                  0.00000000   -2.35947200    2.69344900
C                  0.00000000   -3.59827900    2.04464600
C                  0.00000000   -3.64089500    0.65438000
C                  0.00000000   -2.45755300   -0.08972000
C                  0.00000000   -1.21430400    0.54913700
C                 -1.21113700    0.00000000   -2.28226300
C                 -1.20953400    0.00000000   -3.67701800
H                  0.00000000    0.00000000   -5.46070900
H                  2.15128200    0.00000000   -4.21804900
H                  2.14042000    0.00000000   -1.72125100
H                  0.00000000    2.49384500   -1.17277900
H                  0.00000000    4.59360100    0.13351600
H                  0.00000000    4.51317600    2.62848200
H                  0.00000000    2.28200900    3.77593100
H                  0.00000000   -2.28200900    3.77593100
H                  0.00000000   -4.51317600    2.62848200
H                  0.00000000   -4.59360100    0.13351600
H                  0.00000000   -2.49384500   -1.17277900
H                 -2.14042000    0.00000000   -1.72125100
H                 -2.15128200    0.00000000   -4.21804900