O                 -0.00079300   -1.36496800    2.80533800
C                 -0.00022200   -0.77131100    1.74144300
C                  0.00022200    0.77131100    1.74144300
O                  0.00079300    1.36496800    2.80533800
C                  0.00000500    1.46271600    0.43131500
C                 -0.00000500    2.86340500    0.43571900
C                  0.00006900    3.57585400   -0.75583100
C                  0.00030200    2.87529400   -1.96451900
C                  0.00032100    1.48309000   -1.97728300
C                  0.00006900    0.74117400   -0.78565800
C                 -0.00006900   -0.74117400   -0.78565800
C                 -0.00032100   -1.48309000   -1.97728300
C                 -0.00030200   -2.87529400   -1.96451900
C                 -0.00006900   -3.57585400   -0.75583100
C                  0.00000500   -2.86340500    0.43571900
C                 -0.00000500   -1.46271600    0.43131500
H                 -0.00003600    3.36456400    1.39781500
H                 -0.00000700    4.66143900   -0.74846300
H                  0.00049400    3.41531100   -2.90702300
H                  0.00061300    0.97900200   -2.93614100
H                 -0.00061300   -0.97900200   -2.93614100
H                 -0.00049400   -3.41531100   -2.90702300
H                  0.00000700   -4.66143900   -0.74846300
H                  0.00003600   -3.36456400    1.39781500