N                  1.72598700    3.77476300   -2.03289100
C                  1.31401100    2.98821900   -1.28233600
C                  0.79473400    2.02017800   -0.36809200
C                  1.43187400    1.81583500    0.87452800
N                  2.64929000    2.44921700    1.20033800
C                  2.74928100    3.85420500    1.27148700
C                  3.93877000    4.51704700    0.95999800
C                  4.00724400    5.90643700    1.04306400
C                  2.90571300    6.68322400    1.41955100
C                  1.72214000    5.99513400    1.73016800
C                  1.63872900    4.61062100    1.67211000
C                  3.79590200    1.59847500    1.06107100
C                  4.69430400    1.42155900    2.11650400
C                  5.71615100    0.48571100    2.00097300
C                  5.86783700   -0.31147300    0.85279200
C                  4.98290400   -0.08603000   -0.20689200
C                  3.96629000    0.86265400   -0.11314600
C                  0.96287000    0.78289600    1.70166900
C                  1.62551800    0.50702900    2.93702400
N                  2.14915400    0.28261800    3.95061600
C                 -0.09611700   -0.05870300    1.28924000
N                 -0.29828200   -1.28513900    1.97986600
C                  0.53408600   -2.36142200    1.56799800
C                  1.72068100   -2.13637500    0.85034700
C                  2.48322200   -3.20202200    0.38874900
C                  2.12396400   -4.53390100    0.62968900
C                  0.95640400   -4.74045800    1.37552600
C                  0.16661100   -3.68606900    1.82784700
C                 -1.00935100   -1.30360900    3.21062400
C                 -2.25676200   -0.68526600    3.30353500
C                 -2.95181900   -0.67433700    4.51315000
C                 -2.44293300   -1.29510900    5.65804700
C                 -1.18773700   -1.91689100    5.54059400
C                 -0.47242500   -1.91612800    4.35072800
C                 -0.78015400    0.19955100    0.09341100
N                 -1.96182700   -0.49667200   -0.25840100
C                 -3.18588400    0.20367700   -0.12082700
C                 -3.26940900    1.37380000    0.65098100
C                 -4.47855000    2.04511600    0.79064500
C                 -5.65740500    1.58957200    0.18608900
C                 -5.55246800    0.42967400   -0.59212000
C                 -4.34726100   -0.24611100   -0.75949200
C                 -1.95375300   -1.90845400   -0.44917600
C                 -1.07532000   -2.48756000   -1.36288200
C                 -1.08173700   -3.86728200   -1.57229900
C                 -1.98183100   -4.70547400   -0.90800800
C                 -2.85111200   -4.10269500    0.01758000
C                 -2.83330500   -2.73617600    0.26000800
C                 -0.24111800    1.16426100   -0.79842600
N                 -0.49758800    1.10003700   -2.18240600
C                 -1.79187800    1.25246200   -2.74091200
C                 -2.58756800    2.34057700   -2.38435900
C                 -3.85145400    2.50211100   -2.95155500
C                 -4.34482000    1.60746700   -3.90694300
C                 -3.52777300    0.51566500   -4.24647500
C                 -2.27806100    0.32823600   -3.67305500
C                  0.59212000    0.66145900   -2.99095000
C                  0.78431100    1.16728600   -4.27820600
C                  1.86781700    0.74035700   -5.04491500
C                  2.80294100   -0.18383200   -4.55944900
C                  2.58877500   -0.68246800   -3.26649900
C                  1.50801900   -0.27736000   -2.49397100
H                  4.80389900    3.94870200    0.63757600
H                  4.94673100    6.38249300    0.78727400
H                  0.84041800    6.54986000    2.03736200
H                  0.71409200    4.10838800    1.94006400
H                  4.55513900    1.98272100    3.03387500
H                  6.38297000    0.34463200    2.84586700
H                  5.07125600   -0.64874100   -1.12856300
H                  3.29951600    1.01575900   -0.95374400
H                  2.07518200   -1.13384600    0.65406800
H                  3.39174700   -2.97032400   -0.16010200
H                  0.63153100   -5.74771400    1.60661700
H                 -0.75098700   -3.89115200    2.36572200
H                 -2.69371800   -0.21470900    2.43240400
H                 -3.91527600   -0.17828800    4.53963700
H                 -0.74080100   -2.39615500    6.40656500
H                  0.50964200   -2.37206900    4.30158200
H                 -2.38886700    1.75978400    1.15150700
H                 -4.49591400    2.93936100    1.40664900
H                 -6.42659000    0.03185700   -1.09369100
H                 -4.30533200   -1.12395100   -1.39233500
H                 -0.39313400   -1.86162800   -1.92380800
H                 -0.37684800   -4.27541600   -2.28684700
H                 -3.55701000   -4.71397200    0.57208000
H                 -3.50142400   -2.30206400    0.99534400
H                 -2.21407900    3.06244100   -1.66558700
H                 -4.44385500    3.35420600   -2.64152000
H                 -3.87611400   -0.21272300   -4.97267100
H                 -1.67215100   -0.53037200   -3.94148700
H                  0.09397700    1.90631800   -4.66958000
H                  1.98826700    1.16638000   -6.03408400
H                  3.27151000   -1.41384900   -2.84381200
H                  1.38236300   -0.69251500   -1.50172200
C                  2.94537900    8.21402800    1.49870100
C                  2.62273700    8.66320500    2.94040700
H                  2.63938400    9.75740700    3.01347500
H                  3.35789200    8.26109700    3.64624100
H                  1.63244000    8.32173600    3.25861400
C                  4.32226000    8.78035300    1.11543300
H                  4.30396900    9.87351100    1.18492700
H                  4.59624000    8.51692600    0.08797900
H                  5.11013700    8.41805000    1.78511700
C                  1.89542000    8.80225000    0.53104500
H                  1.90750700    9.89817900    0.57312900
H                  0.88329600    8.46868800    0.78167400
H                  2.10255800    8.49449200   -0.49952900
C                  6.94427200   -1.40160800    0.81291200
C                  6.67293300   -2.40717200    1.95417700
H                  7.40858500   -3.21998000    1.93037200
H                  5.67322500   -2.84351700    1.85792300
H                  6.73241100   -1.92833600    2.93646400
C                  6.94254000   -2.17162300   -0.51847700
H                  7.72303600   -2.93966900   -0.50070800
H                  7.14286700   -1.51302800   -1.37108500
H                  5.98630500   -2.67782800   -0.69378700
C                  8.33731100   -0.76515600    1.00274500
H                  9.11437700   -1.53861200    0.99363400
H                  8.41037800   -0.22887500    1.95406100
H                  8.55305200   -0.05307200    0.19848500
C                  4.02194000   -0.65346900   -5.36121500
C                  3.93415400   -2.18019600   -5.57668900
H                  3.90350300   -2.72198600   -4.62553000
H                  4.80527700   -2.53790800   -6.13846600
H                  3.03187500   -2.44214800   -6.14022100
C                  4.11041800    0.02691200   -6.73656300
H                  4.19817600    1.11491100   -6.64420800
H                  3.23453400   -0.19616100   -7.35576500
H                  4.99537000   -0.33465300   -7.27126700
C                  5.30841500   -0.32135900   -4.57267000
H                  5.33335200   -0.83270900   -3.60460400
H                  5.38340900    0.75491800   -4.38434300
H                  6.19413400   -0.63541600   -5.13760000
C                 -5.70219200    1.78192900   -4.59879600
C                 -6.57508600    0.53166400   -4.35847000
H                 -6.75078800    0.38349900   -3.28874300
H                 -6.10322000   -0.37553400   -4.74876300
H                 -7.54636700    0.64328400   -4.85483800
C                 -6.46620200    3.00880200   -4.07786600
H                 -6.66353700    2.93101500   -3.00440300
H                 -7.43108100    3.09007900   -4.59003400
H                 -5.91480700    3.93792500   -4.25872900
C                 -5.47543800    1.96153900   -6.11600100
H                 -4.85945300    2.84552200   -6.31421100
H                 -6.43390300    2.08755500   -6.63388800
H                 -4.96838800    1.09542300   -6.55322800
C                 -6.97911200    2.32890900    0.42495100
C                 -8.13853800    1.72674500   -0.38576100
H                 -7.94524100    1.76265600   -1.46316800
H                 -9.05641500    2.29286700   -0.19369800
H                 -8.32892300    0.68448200   -0.10749000
C                 -7.33871300    2.23589600    1.92468400
H                 -6.56052500    2.68333900    2.55163100
H                 -7.45529600    1.19044800    2.23091800
H                 -8.27998000    2.76064800    2.12856000
C                 -6.83138900    3.81461000    0.03225800
H                 -6.56958800    3.91763500   -1.02592200
H                 -6.05376100    4.31446700    0.61813700
H                 -7.77281900    4.34973200    0.20391000
C                 -2.08234200   -6.21116700   -1.18092200
C                 -0.98749200   -6.70071000   -2.14192400
H                  0.01265000   -6.50136700   -1.74384400
H                 -1.06578400   -6.22440300   -3.12522200
H                 -1.08006800   -7.78212800   -2.28996100
C                 -3.45813300   -6.50738500   -1.81820600
H                 -3.57523200   -5.95994800   -2.75997400
H                 -4.27796100   -6.21205200   -1.15524900
H                 -3.56182300   -7.57888700   -2.02814100
C                 -1.95393600   -7.00325100    0.13714700
H                 -0.98391500   -6.81787400    0.60721300
H                 -2.04144900   -8.07882500   -0.05637500
H                 -2.73242800   -6.73105800    0.85645200
C                  2.99596500   -5.67158400    0.08704400
C                  3.09261300   -5.55060100   -1.44995800
H                  3.53960600   -4.59742400   -1.75149700
H                  2.10076600   -5.61215900   -1.91038000
H                  3.71242700   -6.35643800   -1.86098800
C                  4.41278000   -5.56787800    0.69184300
H                  4.89348100   -4.61986500    0.43214500
H                  5.05023500   -6.37882100    0.31908000
H                  4.37566000   -5.63479600    1.78463800
C                  2.42627700   -7.05747100    0.43020500
H                  2.36524800   -7.21206900    1.51305300
H                  3.07731800   -7.83705900    0.01985300
H                  1.42671900   -7.20369200    0.00729100
C                 -3.18393600   -1.31450800    7.00022900
C                 -2.31783500   -0.61843200    8.07260800
H                 -2.12208500    0.42349500    7.79691100
H                 -1.35165800   -1.11684600    8.19906800
H                 -2.83008400   -0.62725400    9.04230000
C                 -3.44295200   -2.77756300    7.42069700
H                 -2.50923500   -3.33877800    7.52743500
H                 -4.06002300   -3.29235500    6.67585700
H                 -3.96715800   -2.81192000    8.38335000
C                 -4.53692000   -0.58801500    6.92808500
H                 -4.41598200    0.46731200    6.65994600
H                 -5.02986700   -0.62797800    7.90556400
H                 -5.20831600   -1.05296300    6.19762600