C                 -4.53945300   -1.54074500   -0.00430900
N                 -3.83992600   -0.26722700    0.00224100
C                 -4.59605200    0.97338700    0.00141700
C                 -2.46819200   -0.23119900    0.00132100
C                 -1.70191600   -1.43056100    0.00114100
C                 -0.32369700   -1.39338800    0.00079000
C                  0.38316600   -0.17300000    0.00046800
C                  1.81421800   -0.02022300    0.00000300
C                  2.69360200   -1.24776600    0.00007300
F                  2.45578700   -2.01709100   -1.08696000
F                  4.00354400   -0.94386100   -0.00029100
F                  2.45628400   -2.01665300    1.08750400
C                  2.38466900    1.20951100   -0.00051700
C                  1.58257100    2.42311300   -0.00071900
O                  2.00560300    3.55482200   -0.00144100
O                  0.20052500    2.24256100   -0.00004500
C                 -0.38663500    1.00943300    0.00049200
C                 -1.77351400    0.99500000    0.00077400
H                 -4.29452900   -2.13415300   -0.89527900
H                 -4.29928600   -2.14051200    0.88366500
H                 -5.61419300   -1.35657600   -0.00648000
H                 -4.38040100    1.57746800   -0.89010400
H                 -4.37285700    1.58179600    0.88792000
H                 -5.66195700    0.74368900    0.00681000
H                 -2.19647500   -2.39289800    0.00165800
H                  0.22453800   -2.32717700    0.00079400
H                  3.45682800    1.34911900   -0.00087400
H                 -2.28435100    1.94785200    0.00021400