O                  4.73950900   -2.47918000    0.00000000
C                  3.64195400   -1.88903000    0.00000000
C                  2.34919200   -2.50979600    0.00000000
C                  1.22409700   -1.73550400    0.00000000
O                  0.02365000   -2.38438300    0.00000000
C                 -1.15466600   -1.70529300    0.00000000
C                 -2.31899300   -2.47188700    0.00000000
C                 -3.54713800   -1.82780500    0.00000000
O                 -4.69319900   -2.54838400    0.00000000
C                 -3.60146100   -0.41194500    0.00000000
O                 -4.87721800    0.10152900    0.00000000
C                 -2.44583100    0.33699800    0.00000000
C                 -1.18031400   -0.29686900    0.00000000
C                  0.06672500    0.41558200    0.00000000
C                  0.04733100    1.90451200    0.00000000
C                  0.03057400    2.61201800   -1.20858000
C                  0.00084600    4.00653000   -1.20772800
C                 -0.01456500    4.70593000    0.00000000
C                  0.00084300    4.00653000    1.20772800
C                  0.03057100    2.61201800    1.20858000
C                  1.25977000   -0.28162000    0.00000000
C                  2.54996800    0.35290900    0.00000000
C                  3.67832100   -0.40282700    0.00000000
O                  4.92085200    0.10013600    0.00000000
H                  2.27855200   -3.59092900    0.00000000
H                 -2.26585300   -3.55385700    0.00000000
H                 -5.43580900   -1.91884400    0.00000000
H                 -4.84137100    1.06977000    0.00000000
H                 -2.49161500    1.42174200    0.00000000
H                  0.04768900    2.06359900   -2.14585300
H                 -0.00601700    4.54588700   -2.15055300
H                 -0.03466000    5.79191100    0.00000000
H                 -0.00602300    4.54588700    2.15055300
H                  0.04768300    2.06359900    2.14585300
H                  2.60960900    1.43446700    0.00000000
H                  5.48572200   -0.71365500    0.00000000