O                  2.35673400    0.73866600    0.00000000
C                  1.32590100    0.06842200    0.00000000
C                  1.39144600   -1.41318500    0.00000000
C                  2.67161900   -1.99901300    0.00000000
C                  2.83496800   -3.37345300    0.00000000
C                  1.70500800   -4.20316000    0.00000000
C                  0.43199500   -3.65280900    0.00000000
C                  0.26631000   -2.25773900    0.00000000
S                 -1.39931100   -1.68499800    0.00000000
C                 -1.23283200    0.06575900    0.00000000
C                 -2.43180800    0.79941600    0.00000000
C                 -2.41173800    2.18439700    0.00000000
C                 -1.18078100    2.85309300    0.00000000
Cl                -1.15910600    4.60719200    0.00000000
C                  0.00730500    2.14773700    0.00000000
C                  0.00000000    0.74148500    0.00000000
H                  3.52088000   -1.32483300    0.00000000
H                  3.83072600   -3.80552900    0.00000000
H                  1.81959700   -5.28323100    0.00000000
H                 -0.44285800   -4.29679900    0.00000000
H                 -3.38355300    0.27607400    0.00000000
H                 -3.33754300    2.74900000    0.00000000
H                  0.96829000    2.64799600    0.00000000