C                 -3.52803800   -8.48142900   -3.83809300
C                 -3.57989700   -7.09062100   -3.94935400
C                 -2.41606600   -6.32985200   -3.87140100
C                 -1.17818800   -6.95449700   -3.65963300
N                  0.00839700   -6.18398100   -3.57015800
C                  1.19788600   -6.64410400   -4.18917500
C                  1.15244900   -7.23905800   -5.45848200
C                  2.32213500   -7.69888500   -6.05830600
C                  3.55335000   -7.55676100   -5.41541700
C                  3.60040500   -6.95606200   -4.15590300
C                  2.43376000   -6.51082400   -3.53941900
C                  0.00600800   -4.95830900   -2.86301100
C                  0.72037400   -3.85190300   -3.34620300
C                  0.72263300   -2.65359800   -2.64266500
C                  0.00208300   -2.50438700   -1.44681500
C                  0.00069700   -1.22181800   -0.70636000
C                  0.00000000   -1.20475800    0.69455900
C                  0.00000000    0.00000000    1.41013000
C                  0.00000000    0.00000000    2.89026500
C                 -0.70786100    0.96991900    3.61855600
C                 -0.71842700    0.96946800    5.00780300
C                  0.00000000    0.00000000    5.72370800
N                  0.00000000    0.00000000    7.13792600
C                 -0.04664300   -1.22600100    7.84847800
C                 -0.87918200   -2.26758600    7.41351200
C                 -0.91441200   -3.47287800    8.11021300
C                 -0.13953600   -3.65277800    9.25766900
C                  0.68169900   -2.61256800    9.69690200
C                  0.73841200   -1.41055700    8.99592300
C                  0.04664300    1.22600100    7.84847800
C                  0.87918200    2.26758600    7.41351200
C                  0.91441200    3.47287800    8.11021300
C                  0.13953600    3.65277800    9.25766900
C                 -0.68169900    2.61256800    9.69690200
C                 -0.73841200    1.41055700    8.99592300
C                  0.71842700   -0.96946800    5.00780300
C                  0.70786100   -0.96991900    3.61855600
C                  0.00000000    1.20475800    0.69455900
C                 -0.00069700    1.22181800   -0.70636000
C                 -0.00208300    2.50438700   -1.44681500
C                  0.71661300    3.61611300   -0.97880600
C                  0.71050900    4.82479700   -1.66437700
C                 -0.00600800    4.95830900   -2.86301100
N                 -0.00839700    6.18398100   -3.57015800
C                  1.17818800    6.95449700   -3.65963300
C                  1.12794600    8.35092700   -3.53854800
C                  2.29483800    9.10458400   -3.63739300
C                  3.52803800    8.48142900   -3.83809300
C                  3.57989700    7.09062100   -3.94935400
C                  2.41606600    6.32985200   -3.87140100
C                 -1.19788600    6.64410400   -4.18917500
C                 -1.15244900    7.23905800   -5.45848200
C                 -2.32213500    7.69888500   -6.05830600
C                 -3.55335000    7.55676100   -5.41541700
C                 -3.60040500    6.95606200   -4.15590300
C                 -2.43376000    6.51082400   -3.53941900
C                 -0.72037400    3.85190300   -3.34620300
C                 -0.72263300    2.65359800   -2.64266500
C                  0.00000000    0.00000000   -1.39208600
C                 -0.71661300   -3.61611300   -0.97880600
C                 -0.71050900   -4.82479700   -1.66437700
C                 -1.12794600   -8.35092700   -3.53854800
C                 -2.29483800   -9.10458400   -3.63739300
H                 -4.43671700   -9.07188000   -3.90695900
H                 -4.53129200   -6.59200100   -4.11293100
H                 -2.45610600   -5.25030900   -3.97070600
H                  0.19795600   -7.33869500   -5.96430000
H                  2.27061800   -8.15805300   -7.04170000
H                  4.46422900   -7.90950800   -5.88969700
H                  4.55023800   -6.84500900   -3.64013500
H                  2.47002400   -6.05570200   -2.55533800
H                  1.28264900   -3.94291700   -4.26933900
H                  1.30444600   -1.81916600   -3.02268200
H                 -0.00118500   -2.14453800    1.23706500
H                 -1.29427500    1.71326800    3.08668300
H                 -1.29058500    1.71537700    5.54899200
H                 -1.49136700   -2.12416300    6.52947500
H                 -1.56396000   -4.27062800    7.76061100
H                 -0.17532300   -4.59134100    9.80254700
H                  1.29549500   -2.74036300   10.58428900
H                  1.38603300   -0.60730000    9.33090900
H                  1.49136700    2.12416300    6.52947500
H                  1.56396000    4.27062800    7.76061100
H                  0.17532300    4.59134100    9.80254700
H                 -1.29549500    2.74036300   10.58428900
H                 -1.38603300    0.60730000    9.33090900
H                  1.29058500   -1.71537700    5.54899200
H                  1.29427500   -1.71326800    3.08668300
H                  0.00118500    2.14453800    1.23706500
H                  1.29988200    3.52911300   -0.06697100
H                  1.27122200    5.67100700   -1.28207900
H                  0.17193700    8.83524200   -3.37028000
H                  2.23956000   10.18551400   -3.54203500
H                  4.43671700    9.07188000   -3.90695900
H                  4.53129200    6.59200100   -4.11293100
H                  2.45610600    5.25030900   -3.97070600
H                 -0.19795600    7.33869500   -5.96430000
H                 -2.27061800    8.15805300   -7.04170000
H                 -4.46422900    7.90950800   -5.88969700
H                 -4.55023800    6.84500900   -3.64013500
H                 -2.47002400    6.05570200   -2.55533800
H                 -1.28264900    3.94291700   -4.26933900
H                 -1.30444600    1.81916600   -3.02268200
H                  0.00000000    0.00000000   -2.47725700
H                 -1.29988200   -3.52911300   -0.06697100
H                 -1.27122200   -5.67100700   -1.28207900
H                 -0.17193700   -8.83524200   -3.37028000
H                 -2.23956000  -10.18551400   -3.54203500