O                  0.00000000    0.00000000    2.79674100
C                  0.00000000    0.00000000    1.57867600
C                  0.00000000    1.18904800    0.66639900
C                  0.00000000    2.53769000    0.98333500
C                  0.00000000    3.46536000   -0.06667100
C                  0.00000000    3.02767900   -1.39386200
C                  0.00000000    1.66091800   -1.71049200
C                  0.00000000    0.74107000   -0.67026500
C                  0.00000000   -0.74107000   -0.67026500
C                  0.00000000   -1.66091800   -1.71049200
C                  0.00000000   -3.02767900   -1.39386200
C                  0.00000000   -3.46536000   -0.06667100
C                  0.00000000   -2.53769000    0.98333500
C                  0.00000000   -1.18904800    0.66639900
H                  0.00000000    2.85294500    2.02265000
H                  0.00000000    4.52963600    0.14883900
H                  0.00000000    3.75914100   -2.19719800
H                  0.00000000    1.33862800   -2.74795200
H                  0.00000000   -1.33862800   -2.74795200
H                  0.00000000   -3.75914100   -2.19719800
H                  0.00000000   -4.52963600    0.14883900
H                  0.00000000   -2.85294500    2.02265000