C                  4.98420200    0.35557700   -1.22812700
S                  4.21231000   -0.52682500    0.13845600
O                  4.73847400    0.02111200    1.39515700
O                  4.30458500   -1.97375000   -0.12981600
C                  2.47558100   -0.10891300   -0.00073100
C                  1.56176000   -1.12012000   -0.01935900
C                  0.17069800   -0.83823300   -0.00858700
C                 -0.84158300   -1.81696400   -0.01372500
C                 -2.17905300   -1.48712200    0.02507000
C                 -2.56073700   -0.10632600    0.04995900
C                 -1.56500200    0.90376100    0.04998400
C                 -0.23135800    0.51283000    0.02518400
O                  0.70084000    1.51360400    0.02745300
C                  2.07725300    1.28772900    0.00311800
O                  2.79967800    2.25798400   -0.03916200
C                 -1.91993200    2.37290600    0.07322800
C                 -3.35540600    2.59624500   -0.39848200
C                 -4.29014500    1.62379200    0.31048400
N                 -3.89534200    0.24309600    0.05087900
C                 -4.93617400   -0.76538100    0.21633500
C                 -4.56290300   -2.06158400   -0.49228000
C                 -3.23390300   -2.57120000    0.06122600
H                  6.05690700    0.16566700   -1.14668700
H                  4.59413100   -0.04127300   -2.16723200
H                  4.76072000    1.41630200   -1.11256600
H                  1.91601400   -2.14741000   -0.03708900
H                 -0.55213900   -2.86484300   -0.03629700
H                 -1.21423700    2.93176600   -0.54807700
H                 -1.79648500    2.76591400    1.09225200
H                 -3.42715800    2.43054200   -1.48002800
H                 -3.67240600    3.62513700   -0.19961000
H                 -5.31745700    1.74549100   -0.04789500
H                 -4.29766500    1.82648200    1.39476300
H                 -5.86194900   -0.35339500   -0.19927500
H                 -5.12169900   -0.96128000    1.28628900
H                 -5.35733500   -2.80104400   -0.34775900
H                 -4.47630900   -1.87062900   -1.56857700
H                 -2.88662000   -3.44566800   -0.49990000
H                 -3.38428400   -2.90782200    1.09741200