N                 -5.85240300   -1.18584600   -0.04496000
C                 -4.74131200   -0.84052000   -0.02740400
C                 -3.36833600   -0.46064500   -0.00581900
C                 -2.36617500   -1.39672700   -0.00211900
C                 -1.00259400   -1.01072400    0.01856100
C                  0.08049000   -1.91175000    0.02532000
C                  1.38974400   -1.48377200    0.05565000
C                  1.66803300   -0.07798600    0.05783000
C                  0.59940400    0.85500700    0.04680000
C                 -0.70157700    0.36688400    0.03328700
O                 -1.70452200    1.29480600    0.03371700
C                 -3.06236600    0.97229200    0.01082100
O                 -3.85680200    1.87854900    0.00754100
C                  0.84452200    2.34651800    0.04658300
C                  2.25584000    2.66727500   -0.44140500
C                  3.26562400    1.78080600    0.27720000
N                  2.97222300    0.36932900    0.04919100
C                  4.08626800   -0.55619400    0.22264200
C                  3.80756300   -1.88720100   -0.46455600
C                  2.52238000   -2.48587600    0.10341700
H                 -2.61949600   -2.45330800   -0.01576600
H                 -0.12928100   -2.97880300    0.01599300
H                  0.09440700    2.84227500   -0.57602800
H                  0.70087500    2.74431600    1.06112400
H                  2.49683900    3.72035200   -0.26392700
H                  2.33162400    2.48731300   -1.52036800
H                  3.26711000    2.00504400    1.35719800
H                  4.27821500    1.97051600   -0.09326000
H                  4.29117400   -0.72124300    1.29422300
H                  4.97653800   -0.08262400   -0.20457800
H                  4.65546900   -2.56311900   -0.31314100
H                  3.70243900   -1.71980700   -1.54309300
H                  2.23923400   -3.39234500   -0.44276700
H                  2.70166500   -2.79411600    1.14387100