O                  3.23679000   -0.67372200   -1.57964700
C                  2.46658700   -1.28469800   -0.84742100
C                  2.81941900   -2.64512700   -0.34149000
C                  3.72835300   -3.40476600   -1.09411800
C                  4.12246800   -4.66466400   -0.65786900
C                  3.63116600   -5.17139300    0.54897500
C                  2.74722900   -4.41263800    1.31667400
C                  2.33772200   -3.15604000    0.87303600
C                  1.16181600   -0.65159200   -0.46064500
C                  0.01099700   -1.38869600   -0.18108400
C                 -1.20655900   -0.74318300    0.08554500
C                 -2.38914600   -1.60448000    0.41998200
O                 -2.20297700   -2.70261700    0.93298900
C                 -3.77297700   -1.12304700    0.13359700
C                 -4.06451300   -0.20536400   -0.88676600
C                 -5.38418100    0.16692000   -1.13844600
C                 -6.41966700   -0.36559100   -0.36993100
C                 -6.13735900   -1.28776900    0.64236600
C                 -4.82362600   -1.67254600    0.88469400
C                 -1.24873700    0.65066200    0.10969500
C                 -0.09369300    1.40688400   -0.14421300
C                 -0.23445400    2.90051700   -0.16590200
O                 -1.31855900    3.39614400   -0.45290100
C                  0.93746500    3.76885600    0.15326600
C                  1.97861000    3.35937500    0.99932600
C                  3.02044800    4.23409000    1.30372100
C                  3.03653100    5.51816800    0.75824200
C                  1.99770600    5.93609100   -0.07882800
C                  0.94872600    5.07105800   -0.36945300
C                  1.09690800    0.75073200   -0.45702200
H                  4.11055600   -2.98487700   -2.01843400
H                  4.81502500   -5.25256100   -1.25323400
H                  3.94142000   -6.15449400    0.89167200
H                  2.37489300   -4.79760800    2.26129800
H                  1.66183300   -2.56679300    1.48302800
H                  0.02442700   -2.47200700   -0.18491500
H                 -3.26709400    0.20161600   -1.49876200
H                 -5.60177700    0.87245500   -1.93465900
H                 -7.44648600   -0.06708800   -0.56160400
H                 -6.94382400   -1.70690400    1.23706900
H                 -4.58307900   -2.39902700    1.65352700
H                 -2.16698400    1.17983700    0.33507100
H                  1.96236900    2.36820900    1.43936500
H                  3.81808900    3.91282500    1.96695700
H                  3.85430900    6.19522300    0.98838600
H                  2.00713500    6.93753500   -0.49914800
H                  0.12377700    5.38022300   -1.00238000
H                  1.98993900    1.30444400   -0.72234500