O                 -4.71504500    1.27131300    0.00000000
C                 -3.65776000    0.63806900    0.00000000
C                 -3.65291400   -0.84403100    0.00000000
C                 -2.50709200   -1.55603900    0.00000000
C                 -1.21576700   -0.89832700    0.00000000
N                 -0.12314900   -1.61488700    0.00000000
C                  1.08016800   -0.94235200    0.00000000
C                  2.28927800   -1.65901300    0.00000000
C                  3.50634500   -0.99961700    0.00000000
C                  3.53764800    0.40803800    0.00000000
O                  4.70165400    1.10755200    0.00000000
C                  2.35395600    1.15059100    0.00000000
C                  1.14665100    0.46980100    0.00000000
O                  0.00000000    1.20770100    0.00000000
C                 -1.21209400    0.56583600    0.00000000
C                 -2.35015700    1.29639600    0.00000000
H                 -4.62752900   -1.32171300    0.00000000
H                 -2.49051600   -2.64149200    0.00000000
H                  2.23428900   -2.74241200    0.00000000
H                  4.43716500   -1.56123400    0.00000000
H                  5.44872600    0.48867000    0.00000000
H                  2.38075000    2.23365300    0.00000000
H                 -2.32328200    2.38008800    0.00000000