C                  0.00000000    0.00000000   -5.83716200
C                  0.47453000   -1.11381600   -5.13945700
C                  0.46748500   -1.11931100   -3.74979900
C                  0.00000000    0.00000000   -3.03371200
C                  0.00000000    0.00000000   -1.57040500
C                 -0.11848900   -1.19872200   -0.83761800
C                 -0.10723600   -1.18426800    0.54041300
C                 -0.23200500   -2.32614800    1.43227600
C                 -0.58885500   -2.13817900    2.78166100
C                 -0.71807000   -3.23398500    3.62604200
C                 -0.48879100   -4.52442900    3.14134500
C                 -0.12779600   -4.71898500    1.80516100
C                  0.00000000   -3.62975600    0.95282700
O                  0.00000000    0.00000000    1.18426900
C                  0.10723600    1.18426800    0.54041300
C                  0.23200500    2.32614800    1.43227600
C                  0.58885500    2.13817900    2.78166100
C                  0.71807000    3.23398500    3.62604200
C                  0.48879100    4.52442900    3.14134500
C                  0.12779600    4.71898500    1.80516100
C                  0.00000000    3.62975600    0.95282700
C                  0.11848900    1.19872200   -0.83761800
C                 -0.46748500    1.11931100   -3.74979900
C                 -0.47453000    1.11381600   -5.13945700
H                  0.00000000    0.00000000   -6.92260500
H                  0.85465400   -1.97440300   -5.68015300
H                  0.86753000   -1.97692500   -3.21863600
H                 -0.27584300   -2.13826000   -1.34766200
H                 -0.78321000   -1.13908000    3.15417000
H                 -1.00297600   -3.08410700    4.66226200
H                 -0.58965000   -5.37799500    3.80422700
H                  0.06086800   -5.71994500    1.43145000
H                  0.30802000   -3.79106600   -0.07470200
H                  0.78321000    1.13908000    3.15417000
H                  1.00297600    3.08410700    4.66226200
H                  0.58965000    5.37799500    3.80422700
H                 -0.06086800    5.71994500    1.43145000
H                 -0.30802000    3.79106600   -0.07470200
H                  0.27584300    2.13826000   -1.34766200
H                 -0.86753000    1.97692500   -3.21863600
H                 -0.85465400    1.97440300   -5.68015300