C                  8.17061200    0.31762000   -0.34216700
O                  7.29083800   -0.70339100    0.13374500
C                  5.96531000   -0.50055200    0.07824200
C                  5.35206600    0.65843200   -0.42887900
C                  3.96877000    0.75882200   -0.42663400
C                  3.15173900   -0.28186800    0.05606300
C                  1.69967600   -0.16949500    0.03972000
C                  0.87297500   -1.31370400    0.02351500
C                 -0.49947700   -1.19671300   -0.00563300
C                 -1.46833700   -2.27173900   -0.04189100
C                 -2.82699400   -2.02589600    0.23168200
C                 -3.76149100   -3.05052200    0.21630400
C                 -3.35243700   -4.36153400   -0.08414200
O                 -4.16785900   -5.42659400   -0.12875600
C                 -5.55998100   -5.24789500    0.14073900
C                 -1.99597400   -4.61990300   -0.36683800
C                 -1.07415000   -3.59558000   -0.34409800
O                 -1.05700100    0.04013200    0.00818200
C                 -0.31918200    1.17845300    0.03725600
C                 -1.11555000    2.38759000    0.05413000
C                 -2.48790800    2.34993300   -0.25592400
C                 -3.25737500    3.50386100   -0.25921600
C                 -2.66355100    4.73765600    0.05895000
O                 -3.31003100    5.91360000    0.08826500
C                 -4.70580500    5.94686700   -0.21699800
C                 -1.29167100    4.78795000    0.37824000
C                 -0.53453100    3.63622000    0.37384700
C                  1.05522900    1.08684100    0.03976200
C                  3.79043200   -1.44219600    0.55330900
C                  5.16505900   -1.54894200    0.57397300
H                  9.17723400   -0.06990800   -0.18931300
H                  8.00708400    0.50956900   -1.40845500
H                  8.04059800    1.24363800    0.22886500
H                  5.94466500    1.47088900   -0.83006000
H                  3.51870000    1.64917900   -0.85316000
H                  1.30816700   -2.30200200    0.01208600
H                 -3.14986800   -1.02175300    0.48076900
H                 -4.79695900   -2.82990800    0.44285600
H                 -5.71663100   -4.87102600    1.15758600
H                 -6.00547100   -6.23728900    0.04339100
H                 -6.01478600   -4.56508600   -0.58556100
H                 -1.70450200   -5.63596900   -0.60809200
H                 -0.04167400   -3.81924000   -0.58954100
H                 -2.95177000    1.40636100   -0.51882200
H                 -4.30789800    3.44224200   -0.51376500
H                 -5.27656700    5.33890000    0.49377200
H                 -4.89131500    5.59971700   -1.23957100
H                 -4.99988200    6.99183000   -0.12522300
H                 -0.85701700    5.74799400    0.63310900
H                  0.51285200    3.70080000    0.64799700
H                  1.63421500    1.99820600    0.06424800
H                  3.20084600   -2.25156200    0.97065300
H                  5.65767700   -2.42779500    0.97487400