C                 -0.28975700   -3.90151800    0.00000000
N                 -0.08941700   -2.43967600    0.00000000
C                 -0.00612800   -1.77367100    1.20386100
C                  0.07145200   -2.46925800    2.43361400
C                  0.12688400   -1.76994000    3.62068100
C                  0.10377000   -0.35626100    3.64869200
C                  0.05220700    0.34117000    2.47015700
C                  0.01015100   -0.33829000    1.21659100
C                 -0.01001600    0.37221200    0.00000000
C                 -0.02699500    1.85987000    0.00000000
C                  1.17755900    2.57510800    0.00000000
C                  1.15612800    3.96953700    0.00000000
C                 -0.06140900    4.65207100    0.00000000
C                 -1.26160900    3.93953300    0.00000000
C                 -1.24863000    2.54500800    0.00000000
C                  0.01015100   -0.33829000   -1.21659100
C                  0.05220700    0.34117000   -2.47015700
C                  0.10377000   -0.35626100   -3.64869200
C                  0.12688400   -1.76994000   -3.62068100
C                  0.07145200   -2.46925800   -2.43361400
C                 -0.00612800   -1.77367100   -1.20386100
H                 -0.86877100   -4.18344500   -0.87553900
H                  0.66909500   -4.42739600    0.00000000
H                 -0.86877100   -4.18344500    0.87553900
H                  0.12561600   -3.54830500    2.46237300
H                  0.19856000   -2.32278100    4.55200200
H                  0.14034800    0.16739000    4.59759500
H                  0.05252900    1.42409900    2.46280500
H                  2.12343500    2.04139400    0.00000000
H                  2.09127000    4.52068300    0.00000000
H                 -0.07486400    5.73739700    0.00000000
H                 -2.21007300    4.46740400    0.00000000
H                 -2.18116500    1.98839900    0.00000000
H                  0.05252900    1.42409900   -2.46280500
H                  0.14034800    0.16739000   -4.59759500
H                  0.19856000   -2.32278100   -4.55200200
H                  0.12561600   -3.54830500   -2.46237300