C                 -5.35755600   -0.03066400    1.46189500
C                 -4.87927700    0.05834900    0.00271200
C                 -3.38338700    0.12629200   -0.11774400
C                 -2.58211300    1.27206000   -0.15606800
C                 -3.10786200    2.67574800   -0.08659500
C                 -1.22096000    0.82699700   -0.22279000
C                 -0.00020300    1.52225700   -0.27093700
C                 -0.00053200    3.02618800   -0.37126000
C                  1.22077100    0.82738600   -0.22286500
C                  2.58182000    1.27277600   -0.15599100
C                  3.10717300    2.67660300   -0.08604000
C                  3.38337800    0.12723000   -0.11775800
C                  4.87926700    0.05947000    0.00281500
C                  5.35734000   -0.03193700    1.46191700
C                  2.51605600   -0.99259400   -0.15156100
C                  2.86527000   -2.44340600   -0.12480800
N                  1.23940500   -0.56955200   -0.20707800
B                  0.00025800   -1.50044200   -0.27291500
F                  0.00006000   -2.22229600   -1.46667800
F                  0.00057800   -2.36713800    0.81870500
N                 -1.23921300   -0.56989700   -0.20668800
C                 -2.51574400   -0.99329400   -0.15113200
C                 -2.86448800   -2.44422200   -0.12422500
H                 -5.02644900    0.84348600    2.03352200
H                 -4.94526300   -0.91929500    1.95228800
H                 -6.45082100   -0.08431400    1.51883100
H                 -5.33341600    0.93316300   -0.47691100
H                 -5.25390200   -0.81038900   -0.55237200
H                 -2.99726900    3.21300900   -1.03769400
H                 -4.17366100    2.67034400    0.15586600
H                 -2.60171200    3.26933600    0.68173800
H                  0.87765500    3.38644800   -0.90340300
H                 -0.87817700    3.38587300   -0.90472400
H                 -0.00145400    3.49255300    0.62287200
H                  4.17291400    2.67141700    0.15667600
H                  2.99666800    3.21409900   -1.03701100
H                  2.60066600    3.26980600    0.68235400
H                  5.33325900    0.93522300   -0.47521700
H                  5.25418300   -0.80822500   -0.55372200
H                  6.45060700   -0.08545900    1.51892400
H                  4.94517400   -0.92148600    1.95075100
H                  5.02595800    0.84118000    2.03496000
H                  2.35131200   -2.97235400   -0.93295400
H                  3.94312000   -2.58782400   -0.22721200
H                  2.53314000   -2.90102200    0.81313700
H                 -3.94256900   -2.58893000   -0.22363400
H                 -2.52939000   -2.90226600    0.81242900
H                 -2.35268600   -2.97254500   -0.93418100