C                 -7.40298000   -0.00347800   -0.01794000
C                 -5.89891000   -0.01312100    0.00678600
C                 -5.17893600    1.06643800    0.54182800
C                 -3.79190000    1.07838800    0.53298700
C                 -3.06676900   -0.00692700    0.00291300
C                 -1.60618800   -0.00418500    0.00237900
C                 -0.86926600   -1.20680400    0.01850300
C                  0.50866500   -1.18936000    0.00734100
C                  1.40057300   -2.33423500    0.03457200
C                  2.75787400   -2.17808600    0.37640600
C                  3.60163500   -3.27833400    0.40798000
C                  3.13220500   -4.56484600    0.10028500
C                  4.04639400   -5.75756800    0.16610200
C                  1.78033800   -4.71176500   -0.24941800
C                  0.92463500   -3.62147500   -0.28130800
O                  1.15176600    0.00179500    0.00012900
C                  0.50350300    1.19018000   -0.00598200
C                  1.39043000    2.33889400   -0.03457800
C                  2.74783900    2.18860800   -0.37859100
C                  3.58681100    3.29247900   -0.41143400
C                  3.11234500    4.57694000   -0.10290400
C                  4.02129800    5.77358400   -0.17008300
C                  1.76041900    4.71801700    0.24896200
C                  0.90946400    3.62405200    0.28214600
C                 -0.87448200    1.20162900   -0.01488900
C                 -3.78859600   -1.09627300   -0.52340300
C                 -5.17565900   -1.09168200   -0.52583600
H                 -7.81137800   -1.01724500    0.02774000
H                 -7.81379200    0.57473100    0.81478600
H                 -7.76796100    0.45492100   -0.94638300
H                 -5.71766100    1.90321700    0.97666700
H                 -3.26808500    1.91460000    0.98483500
H                 -1.37625200   -2.15769400    0.09658200
H                  3.14006700   -1.19677300    0.63302500
H                  4.64436900   -3.14296900    0.67979400
H                  5.08289200   -5.48069700   -0.04721500
H                  3.74174600   -6.53560600   -0.53989300
H                  4.02574100   -6.20069500    1.17036800
H                  1.40035600   -5.69567300   -0.50783200
H                 -0.10699900   -3.76784300   -0.58347000
H                  3.13384400    1.20896200   -0.63587400
H                  4.62968400    3.16161100   -0.68490900
H                  3.71441400    6.55027000    0.53643200
H                  5.05930600    5.50115600    0.04160600
H                  3.99718200    6.21666900   -1.17429100
H                  1.37662300    5.70026300    0.50806300
H                 -0.12230500    3.76595900    0.58597500
H                 -1.38582500    2.15028500   -0.09195200
H                 -3.26244900   -1.93335900   -0.97086200
H                 -5.71208400   -1.93485100   -0.95115200