O                  0.00000000    0.00000000    2.70349800
C                  0.00000000    0.00000000    1.47715700
C                  0.00000000    1.27292700    0.70396400
C                  0.00000000    2.48684600    1.39804700
C                  0.00000000    3.69084000    0.69967800
C                  0.00000000    3.69084000   -0.69967800
C                  0.00000000    2.48684600   -1.39804700
C                  0.00000000    1.27292700   -0.70396400
C                  0.00000000    0.00000000   -1.47715700
O                  0.00000000    0.00000000   -2.70349800
C                  0.00000000   -1.27292700   -0.70396400
C                  0.00000000   -2.48684600   -1.39804700
C                  0.00000000   -3.69084000   -0.69967800
C                  0.00000000   -3.69084000    0.69967800
C                  0.00000000   -2.48684600    1.39804700
C                  0.00000000   -1.27292700    0.70396400
H                  0.00000000    2.45847400    2.48231300
H                  0.00000000    4.63144500    1.24269700
H                  0.00000000    4.63144500   -1.24269700
H                  0.00000000    2.45847400   -2.48231300
H                  0.00000000   -2.45847400   -2.48231300
H                  0.00000000   -4.63144500   -1.24269700
H                  0.00000000   -4.63144500    1.24269700
H                  0.00000000   -2.45847400    2.48231300