C                  5.70451100    0.01523600    0.06017300
C                  4.19720600   -0.00906500    0.04449200
C                  3.46778700   -0.01579800    1.23750200
C                  2.07182400   -0.01005700    1.24945200
C                  1.31237900   -0.01893200    2.55453000
C                  1.39330100    0.00020500    0.01555200
C                 -0.09447200    0.00085200    0.00323800
C                 -0.80894400    1.21604700   -0.01208100
C                 -0.12716500    2.46757800   -0.05365500
C                 -0.82178800    3.64819700   -0.10137800
C                 -2.23560400    3.62250000   -0.12029800
C                 -2.93692000    2.43642600   -0.06510200
C                 -2.24320700    1.20511200    0.00810400
N                 -2.91053900    0.00156400    0.09062400
C                 -4.37174400    0.00169900    0.29230900
C                 -2.24393700   -1.20216000    0.00461100
C                 -2.93842800   -2.43282500   -0.07197700
C                 -2.23784100   -3.61914600   -0.13103200
C                 -0.82403000   -3.64572300   -0.11307000
C                 -0.12865700   -2.46567600   -0.06212200
C                 -0.80969700   -1.21388200   -0.01596400
C                  2.09700900    0.00368800   -1.20449000
C                  1.36601400    0.00902900   -2.52584200
C                  3.49258100   -0.00251800   -1.16332300
H                  6.07677300    1.04752100    0.07098400
H                  6.12175900   -0.47270200   -0.82574900
H                  6.10346700   -0.48461400    0.94788200
H                  3.99874300   -0.02704000    2.18594800
H                  0.66556600    0.86146300    2.65198300
H                  1.99850500   -0.02205700    3.40468800
H                  0.66924400   -0.90303700    2.64257200
H                  0.95622500    2.45289300   -0.05625300
H                 -0.29651500    4.59624100   -0.13771200
H                 -2.78722600    4.55483500   -0.18835800
H                 -4.01613700    2.46739200   -0.11564800
H                 -4.65362100   -0.87445000    0.87051100
H                 -4.65318900    0.87661100    0.87258200
H                 -4.89898500    0.00295700   -0.66584700
H                 -4.01768400   -2.46300300   -0.12213700
H                 -2.79004500   -4.55094800   -0.20160900
H                 -0.29931600   -4.59393900   -0.15281200
H                  0.95474600   -2.45177100   -0.06554500
H                  0.72184800   -0.87172800   -2.63626300
H                  2.07091500    0.01085600   -3.36049100
H                  0.72451500    0.89243100   -2.63026600
H                  4.04311900   -0.00357600   -2.10060200