C                  3.13327300    2.67098900   -0.07130400
C                  2.58158900    1.27695700   -0.02903400
C                  3.36736700    0.12951400   -0.07167600
C                  2.51702300   -0.99343700   -0.04091800
C                  2.88226800   -2.43973800   -0.05959500
N                  1.23965300   -0.57021500    0.00970300
C                  1.22002800    0.82899900    0.02704400
C                  0.00000500    1.52477800    0.06532500
C                 -0.00015300    3.02995400    0.13412100
C                 -1.22001100    0.82892300    0.02716000
C                 -2.58152300    1.27695400   -0.02873800
C                 -3.13306200    2.67105000   -0.07043600
C                 -3.36736900    0.12954900   -0.07178600
C                 -2.51709400   -0.99343100   -0.04135600
C                 -2.88237600   -2.43971600   -0.06042500
N                 -1.23965900   -0.57028300    0.00941600
B                 -0.00007200   -1.50286300    0.06633300
F                  0.00017500   -2.35868300   -1.03370100
F                 -0.00007200   -2.23402400    1.25253700
H                  2.67979800    3.27663000   -0.86343300
H                  2.98515000    3.20799600    0.87441100
H                  4.21090200    2.63457400   -0.25667400
H                  4.44765300    0.09457600   -0.12720400
H                  3.96817600   -2.56040700   -0.04327400
H                  2.44714300   -2.95322500    0.80388500
H                  2.47663600   -2.92670600   -0.95214100
H                 -0.00187300    3.47086500   -0.87147100
H                  0.87874900    3.40320300    0.65607300
H                 -0.87769400    3.40275600    0.65875400
H                 -2.67988000    3.27679000   -0.86266600
H                 -2.98433400    3.20786600    0.87528400
H                 -4.21078500    2.63481800   -0.25525500
H                 -4.44765900    0.09464000   -0.12732100
H                 -2.44747900   -2.95339400    0.80306000
H                 -2.47654300   -2.92653100   -0.95296200
H                 -3.96829000   -2.56036100   -0.04438300