C                 -6.27391500   -0.72496700    5.04126100
C                 -5.58508300   -0.52000000    3.71472200
C                 -6.10223000   -1.08784500    2.54105700
C                 -5.46363700   -0.93739000    1.31698600
C                 -4.28627600   -0.18319600    1.23042900
N                 -3.60621700   -0.03135600   -0.00508300
C                 -4.28920800    0.10867600   -1.24032600
C                 -5.47996500    0.84163500   -1.32622900
C                 -6.12167500    0.98088300   -2.54998400
C                 -5.59492700    0.42265500   -3.72399700
C                 -6.28802400    0.61532000   -5.05015800
C                 -4.40303300   -0.29976900   -3.62235000
C                 -3.75880400   -0.46898800   -2.39831400
C                 -2.19710600   -0.01930000   -0.00490400
C                 -1.49230700    1.13536800   -0.39187500
C                 -2.22958200    2.28023900   -0.82391300
N                 -2.84398300    3.19994700   -1.18208400
C                 -0.07871400    1.15789200   -0.39403500
N                  0.60279000    2.31558800   -0.81952700
C                  0.33971100    3.57171300   -0.21484600
C                 -0.04075700    3.63973000    1.13118000
C                 -0.30849500    4.86802300    1.72499400
C                 -0.19503100    6.06606500    1.01195600
C                 -0.51270300    7.39347800    1.65447200
C                  0.19125600    5.98326200   -0.33060000
C                  0.44419400    4.76147100   -0.94550500
C                  1.37805500    2.21328900   -2.00806000
C                  2.63830600    2.81397300   -2.10076900
C                  3.39178000    2.66847000   -3.26055400
C                  2.92256800    1.92302200   -4.35117200
C                  3.77748600    1.71351500   -5.57581800
C                  1.64590600    1.36056500   -4.25711100
C                  0.87403000    1.51145200   -3.10769200
C                  0.64556700    0.00560000   -0.00153400
N                  2.05990200    0.01795600    0.00113600
C                  2.76465300   -0.91130300   -0.80679300
C                  2.22722700   -1.33854100   -2.02486700
C                  2.89503200   -2.27641000   -2.80508300
C                  4.13016800   -2.80347200   -2.41576700
C                  4.86660100   -3.79535400   -3.28133600
C                  4.66796700   -2.35686600   -1.20234100
C                  4.00138800   -1.43375700   -0.40273900
C                  2.74524700    0.95790300    0.81335500
C                  2.19477300    1.37430300    2.02982000
C                  2.84286600    2.32162100    2.81448900
C                  4.07132700    2.86992500    2.43173000
C                  4.78438900    3.87397900    3.30286100
C                  4.62236900    2.43390000    1.22093100
C                  3.97487100    1.50096800    0.41633000
C                 -0.05948100   -1.15891100    0.38896400
N                  0.64095800   -2.30401800    0.81844100
C                  1.40458300   -2.18730100    2.01313100
C                  0.87808100   -1.49614700    3.10906300
C                  1.63790900   -1.33026400    4.26442800
C                  2.92487800   -1.86695100    4.36823400
C                  3.76597800   -1.64086000    5.59948300
C                  3.41730800   -2.60247300    3.28113600
C                  2.67585400   -2.76265600    2.11554400
C                  0.40914200   -3.56408700    0.20966700
C                  0.03201200   -3.63819000   -1.13676300
C                 -0.20854400   -4.87125000   -1.73285400
C                 -0.06608400   -6.06782500   -1.02296200
C                 -0.28854500   -7.40484200   -1.68516500
C                  0.30701300   -5.97830000    0.32314200
C                  0.53287300   -4.75254500    0.94007200
C                 -1.47309900   -1.16150400    0.38322500
C                 -2.19026900   -2.31945700    0.81414100
N                 -2.78779500   -3.25046300    1.17165600
C                 -3.76587700    0.40425300    2.38806100
C                 -4.40642900    0.22375700    3.61241500
H                 -6.18990500   -1.76644800    5.37751800
H                 -5.83738200   -0.09044200    5.81903200
H                 -7.34356900   -0.49240100    4.97903100
H                 -7.01244100   -1.68064600    2.59155800
H                 -5.86065700   -1.41173300    0.42648500
H                 -5.88512800    1.30848700   -0.43543600
H                 -7.04244500    1.55719900   -2.59995200
H                 -7.35306100    0.36248600   -4.98766500
H                 -6.22389500    1.65839400   -5.38584800
H                 -5.83986300   -0.01038900   -5.82845400
H                 -3.97551200   -0.75358600   -4.51314800
H                 -2.84813700   -1.05679900   -2.33625200
H                 -0.12226500    2.73016800    1.71288900
H                 -0.60358600    4.89400300    2.77135300
H                  0.10512900    8.19767200    1.24045400
H                 -1.56204600    7.67402100    1.49257200
H                 -0.34755700    7.36391300    2.73684600
H                  0.27829700    6.89403300   -0.91825000
H                  0.71145700    4.72847700   -1.99504300
H                  3.01933200    3.38022100   -1.25988100
H                  4.37399400    3.13188700   -3.31492100
H                  4.44176200    2.56579900   -5.75322900
H                  4.41091300    0.82330000   -5.46512500
H                  3.16512400    1.56801600   -6.47186400
H                  1.24367100    0.80159000   -5.09844400
H                 -0.12443500    1.08759200   -3.05836600
H                  1.28481200   -0.92892500   -2.36278800
H                  2.44429500   -2.60059700   -3.73990100
H                  5.49898300   -4.45748200   -2.68037100
H                  5.52053600   -3.29071200   -4.00546600
H                  4.17118200   -4.41996700   -3.85191100
H                  5.62291200   -2.75267600   -0.86402200
H                  4.42775400   -1.12829500    0.54467800
H                  1.25803100    0.94785400    2.36273200
H                  2.38246100    2.63645400    3.74786000
H                  5.36501100    3.38059500    4.09405000
H                  4.07625300    4.54981800    3.79452000
H                  5.48216600    4.48366200    2.71948600
H                  5.57252100    2.84556900    0.88827100
H                  4.41110900    1.20382700   -0.52922800
H                 -0.12823900   -1.09228900    3.05225100
H                  1.21800200   -0.77988600    5.10279700
H                  3.14391800   -1.50671500    6.49060400
H                  4.38334500   -0.73888300    5.49335200
H                  4.44486000   -2.48035200    5.78252800
H                  4.40816600   -3.04613300    3.34298500
H                  3.07459700   -3.32102700    1.27762200
H                 -0.07679200   -2.72937100   -1.71522100
H                 -0.50732300   -4.90134400   -2.77800300
H                  0.65252800   -7.83087400   -2.05893900
H                 -0.71655900   -8.13070400   -0.98526100
H                 -0.96885000   -7.31906800   -2.53890600
H                  0.40255800   -6.88742600    0.91209200
H                  0.78578300   -4.71442400    1.99300200
H                 -2.86601600    1.00842500    2.32544100
H                 -3.98679500    0.68543400    4.50292700