C                  3.01785900    2.60734900    0.00064600
C                  2.57696500    1.17662600    0.00059900
C                  3.39232800    0.04474400    0.00151000
C                  4.88986700   -0.02438000    0.00273600
C                  2.53654700   -1.09220800    0.00103300
C                  2.91454800   -2.53331600    0.00136200
N                  1.25036600   -0.69261900   -0.00002000
C                  1.22500300    0.69863100   -0.00039400
C                 -0.00708500    1.36615600   -0.00136500
C                 -0.02181900    2.79702300   -0.00094100
N                 -0.03659200    3.95984700   -0.00041300
C                 -1.23112800    0.67912600   -0.00166800
C                 -2.58428600    1.14007100   -0.00108500
C                 -3.06663000    2.55731900    0.00014000
C                 -3.39067500   -0.00033500   -0.00042900
C                 -4.89039300   -0.02872900    0.00320600
C                 -2.52663600   -1.12788300   -0.00035000
C                 -2.86721800   -2.57904900    0.00317700
N                 -1.24121200   -0.71164200   -0.00154300
B                  0.00968200   -1.63878700   -0.00232800
F                  0.01838300   -2.43104700    1.14106000
F                  0.02095200   -2.42717100   -1.14865000
H                  2.64798800    3.14752100   -0.87755300
H                  2.64712100    3.14775200    0.87834300
H                  4.10826300    2.67585500    0.00116100
H                  5.33754000    0.97250300    0.00420200
H                  5.26916600   -0.55447000    0.88510400
H                  5.27073500   -0.55259700   -0.88009200
H                  2.49515100   -3.03495500   -0.87715400
H                  2.49212600   -3.03542600    0.87812900
H                  3.99970000   -2.65341000    0.00312100
H                 -4.15927900    2.58606400   -0.00579300
H                 -2.70871600    3.11317600   -0.87338500
H                 -2.71960000    3.10711100    0.88202500
H                 -5.27281800   -1.05025300   -0.06869500
H                 -5.30230400    0.40975500    0.92062500
H                 -5.30647700    0.53497300   -0.84025700
H                 -2.45252000   -3.06172100    0.89448400
H                 -3.94711400   -2.73490200   -0.01890500
H                 -2.41280000   -3.07505300   -0.86063800