C                 -2.61494900    0.17800300    0.00000000
N                 -1.14346900    0.05557900    0.00000000
C                 -0.47755600    0.00512800    1.20700200
C                 -1.15917400   -0.09124100    2.44263700
C                 -0.44400600   -0.11498500    3.62228100
C                  0.97010300   -0.04189400    3.64277800
C                  1.65537100    0.03033800    2.45897700
C                  0.95842100    0.04349000    1.21614100
C                  1.63940300    0.08488900    0.00000000
C                  0.95842100    0.04349000   -1.21614100
C                  1.65537100    0.03033800   -2.45897700
C                  0.97010300   -0.04189400   -3.64277800
C                 -0.44400600   -0.11498500   -3.62228100
C                 -1.15917400   -0.09124100   -2.44263700
C                 -0.47755600    0.00512800   -1.20700200
H                 -3.08632800   -0.80870700    0.00000000
H                 -2.92775600    0.74072700    0.87553100
H                 -2.92775600    0.74072700   -0.87553100
H                 -2.23535400   -0.18215200    2.48478300
H                 -0.98528200   -0.20071000    4.55915600
H                  1.49871100   -0.05625400    4.58939400
H                  2.74001000    0.06943000    2.43909500
H                  2.72533000    0.13018400    0.00000000
H                  2.74001000    0.06943000   -2.43909500
H                  1.49871100   -0.05625400   -4.58939400
H                 -0.98528200   -0.20071000   -4.55915600
H                 -2.23535400   -0.18215200   -2.48478300